     0.909     0.300   263.939   263.821    11.81472
     0.919     0.300   263.764   263.701    13.42776
     0.929     0.300   263.583   263.578    15.49625
     0.939     0.300   263.397   263.450    18.24787
     0.949     0.300   263.205   263.318    22.07824
     0.959     0.300   263.006   263.181    27.77600
     0.969     0.300   262.801   263.039    37.14834
     0.979     0.300   262.588   262.892    55.44466
     0.989     0.300   262.368   262.740   107.00316
     0.999     0.300   262.140   262.582  1189.68915
     0.909     0.400   262.364   262.094    11.45425
     0.919     0.400   262.112   261.910    13.01870
     0.929     0.400   261.850   261.717    15.02533
     0.939     0.400   261.577   261.516    17.69177
     0.949     0.400   261.292   261.306    21.40774
     0.959     0.400   260.994   261.087    26.94369
     0.969     0.400   260.683   260.857    36.04176
     0.979     0.400   260.357   260.615    53.81005
     0.989     0.400   260.015   260.362   103.87651
     0.999     0.400   259.656   260.096  1155.18764
     0.909     0.500   261.025   260.619    11.17412
     0.919     0.500   260.696   260.368    12.69784
     0.929     0.500   260.351   260.103    14.65520
     0.939     0.500   259.988   259.824    17.25670
     0.949     0.500   259.605   259.530    20.88156
     0.959     0.500   259.202   259.219    26.28102
     0.969     0.500   258.776   258.890    35.17554
     0.979     0.500   258.326   258.542    52.53394
     0.989     0.500   257.848   258.171   101.44006
     0.999     0.500   257.340   257.777  1128.32854
     0.909     0.600   259.872   259.345    10.94595
     0.919     0.600   259.468   259.026    12.44008
     0.929     0.600   259.040   258.689    14.35723
     0.939     0.600   258.587   258.330    16.90575
     0.949     0.600   258.107   257.949    20.45744
     0.959     0.600   257.595   257.542    25.74701
     0.969     0.600   257.050   257.108    34.46456
     0.979     0.600   256.467   256.643    51.48960
     0.989     0.600   255.843   256.144    99.44973
     0.999     0.600   255.171   255.605  1106.40459
     0.909     0.700   258.868   258.234    10.75835
     0.919     0.700   258.392   257.849    12.22579
     0.929     0.700   257.885   257.439    14.10895
     0.939     0.700   257.344   257.001    16.61268
     0.949     0.700   256.766   256.532    20.10258
     0.959     0.700   256.145   256.028    25.30106
     0.969     0.700   255.478   255.484    33.86386
     0.979     0.700   254.758   254.896    50.62471
     0.989     0.700   253.978   254.258    97.80560
     0.999     0.700   253.130   253.563  1088.31705
     0.909     0.800   257.987   257.255    10.59956
     0.919     0.800   257.442   256.808    12.04401
     0.929     0.800   256.859   256.328    13.89788
     0.939     0.800   256.233   255.812    16.36299
     0.949     0.800   255.558   255.255    19.79960
     0.959     0.800   254.829   254.651    24.92678
     0.969     0.800   254.039   253.996    33.36349
     0.979     0.800   253.179   253.282    49.86851
     0.989     0.800   252.239   252.498    96.36987
     0.999     0.800   251.205   251.635  1072.52101
     0.909     0.900   257.207   256.387    10.46302
     0.919     0.900   256.598   255.879    11.88737
     0.929     0.900   255.941   255.332    13.71560
     0.939     0.900   255.233   254.740    16.14691
     0.949     0.900   254.464   254.096    19.54256
     0.959     0.900   253.629   253.395    24.59543
     0.969     0.900   252.717   252.628    32.92031
     0.979     0.900   251.715   251.784    49.20697
     0.989     0.900   250.610   250.850    95.11639
     0.999     0.900   249.382   249.810  1058.73659
     0.909     1.000   256.512   255.612    10.34411
     0.919     1.000   255.841   255.047    11.75068
     0.929     1.000   255.116   254.435    13.55622
     0.939     1.000   254.327   253.768    15.96225
     0.949     1.000   253.469   253.041    19.31191
     0.959     1.000   252.530   252.244    24.30381
     0.969     1.000   251.496   251.365    32.52950
     0.979     1.000   250.353   250.390    48.62058
     0.989     1.000   249.080   249.302    94.00763
     0.999     1.000   247.651   248.077  1046.54823
     0.909     1.100   255.889   254.916    10.23946
     0.919     1.100   255.160   254.296    11.63015
     0.929     1.100   254.368   253.620    13.41933
     0.939     1.100   253.505   252.884    15.79467
     0.949     1.100   252.560   252.076    19.10726
     0.959     1.100   251.519   251.184    24.04450
     0.969     1.100   250.367   250.195    32.18131
     0.979     1.100   249.082   249.089    48.09516
     0.989     1.100   247.639   247.844    93.01631
     0.999     1.100   246.004   246.428  1035.65435
     0.909     1.200   255.327   254.287    10.14654
     0.919     1.200   254.542   253.613    11.52629
     0.929     1.200   253.689   252.880    13.29386
     0.939     1.200   252.754   252.076    15.64500
     0.949     1.200   251.725   251.189    18.92411
     0.959     1.200   250.586   250.205    23.81195
     0.969     1.200   249.317   249.107    31.86840
     0.979     1.200   247.892   247.870    47.62584
     0.989     1.200   246.279   246.466    92.12206
     0.999     1.200   244.432   244.855  1025.82945
     0.909     1.300   254.815   253.714    10.06630
     0.919     1.300   253.981   252.993    11.43023
     0.929     1.300   253.069   252.204    13.18120
     0.939     1.300   252.065   251.335    15.51035
     0.949     1.300   250.956   250.372    18.75900
     0.959     1.300   249.722   249.298    23.60187
     0.969     1.300   248.339   248.092    31.58515
     0.979     1.300   246.775   246.726    47.20165
     0.989     1.300   244.991   245.163    91.30923
     0.999     1.300   242.931   243.352  1016.90075
     0.909     1.400   254.351   253.192     9.99144
     0.919     1.400   253.469   252.426    11.34357
     0.929     1.400   252.500   251.583    13.07939
     0.939     1.400   251.432   250.652    15.38844
     0.949     1.400   250.246   249.616    18.60922
     0.959     1.400   248.919   248.455    23.41090
     0.969     1.400   247.425   247.144    31.32715
     0.979     1.400   245.725   245.650    46.81449
     0.989     1.400   243.770   243.926    90.56559
     0.999     1.400   241.492   241.912  1008.73310
     0.909     1.500   253.926   252.715     9.92363
     0.919     1.500   252.998   251.905    11.26495
     0.929     1.500   251.977   251.011    12.98686
     0.939     1.500   250.847   250.020    15.27745
     0.949     1.500   249.587   248.914    18.47259
     0.959     1.500   248.171   247.669    23.23638
     0.969     1.500   246.568   246.256    31.09084
     0.979     1.500   244.734   244.634    46.45919
     0.989     1.500   242.610   242.751    89.88141
     0.999     1.500   240.113   240.530  1001.21890
     0.909     1.600   253.536   252.276     9.86188
     0.919     1.600   252.566   251.424    11.19325
     0.929     1.600   251.495   250.483    12.90235
     0.939     1.600   250.305   249.435    15.17591
     0.949     1.600   248.974   248.261    18.34736
     0.959     1.600   247.473   246.935    23.07609
     0.969     1.600   245.765   245.421    30.87337
     0.979     1.600   243.798   243.675    46.13156
     0.989     1.600   241.506   241.633    89.24880
     0.999     1.600   238.787   239.203   994.27117
     0.909     1.700   253.177   251.871     9.80511
     0.919     1.700   252.166   250.980    11.12757
     0.929     1.700   251.048   249.993    12.82482
     0.939     1.700   249.801   248.891    15.08260
     0.949     1.700   248.403   247.652    18.23208
     0.959     1.700   246.819   246.247    22.92825
     0.969     1.700   245.008   244.636    30.67240
     0.979     1.700   242.913   242.767    45.82816
     0.989     1.700   240.453   240.566    88.66131
     0.999     1.700   237.511   237.926   987.81870
     0.909     1.800   252.844   251.497     9.75320
     0.919     1.800   251.796   250.569    11.06716
     0.929     1.800   250.632   249.538    12.75341
     0.939     1.800   249.333   248.384    14.99652
     0.949     1.800   247.869   247.083    18.12556
     0.959     1.800   246.206   245.601    22.79139
     0.969     1.800   244.296   243.895    30.48596
     0.979     1.800   242.073   241.906    45.54613
     0.989     1.800   239.448   239.548    88.11358
     0.999     1.800   236.282   236.696   981.80247
     0.909     1.900   252.536   251.149     9.70533
     0.919     1.900   251.452   250.186    11.01110
     0.929     1.900   250.246   249.113    12.68740
     0.939     1.900   248.895   247.910    14.91682
     0.949     1.900   247.369   246.549    18.02677
     0.959     1.900   245.629   244.993    22.66423
     0.969     1.900   243.622   243.195    30.31242
     0.979     1.900   241.276   241.088    45.28307
     0.989     1.900   238.487   238.574    87.60113
     0.999     1.900   235.097   235.509   976.17308
     0.909     2.000   252.250   250.825     9.66104
     0.919     2.000   251.132   249.829    10.95941
     0.929     2.000   249.885   248.717    12.62618
     0.939     2.000   248.485   247.466    14.84281
     0.949     2.000   246.899   246.047    17.93488
     0.959     2.000   245.085   244.421    22.54574
     0.969     2.000   242.985   242.533    30.15039
     0.979     2.000   240.518   240.310    45.03695
     0.989     2.000   237.566   237.641    87.12018
     0.999     2.000   233.952   234.362   970.88879
     0.909     2.100   251.983   250.524     9.61994
     0.919     2.100   250.832   249.496    10.91140
     0.929     2.100   249.547   248.346    12.56924
     0.939     2.100   248.100   247.050    14.77387
     0.949     2.100   246.458   245.576    17.84915
     0.959     2.100   244.573   243.880    22.43501
     0.969     2.100   242.382   241.905    29.99870
     0.979     2.100   239.796   239.568    44.80604
     0.989     2.100   236.684   236.747    86.66750
     0.999     2.100   232.845   233.254   965.91402
     0.909     2.200   251.734   250.241     9.58169
     0.919     2.200   250.552   249.183    10.86666
     0.929     2.200   249.230   247.998    12.51612
     0.939     2.200   247.739   246.658    14.70947
     0.949     2.200   246.042   245.131    17.76896
     0.959     2.200   244.088   243.369    22.33126
     0.969     2.200   241.809   241.310    29.85630
     0.979     2.200   239.107   238.861    44.58885
     0.989     2.200   235.837   235.889    86.24031
     0.999     2.200   231.773   232.181   961.21826
