     0.100   267.159   240.000   0.15432
     0.300   267.226   240.000   0.15147
     0.500   267.303   240.000   0.14822
     0.700   267.341   240.000   0.14662
     0.900   267.376   240.000   0.14518
     1.100   267.407   240.000   0.14385
     1.300   267.437   240.000   0.14260
     1.500   267.466   240.000   0.14142
     1.700   267.493   240.000   0.14028
     1.900   266.914   240.000   0.16482
     2.100   266.038   240.000   0.20403
     2.300   265.111   240.000   0.24847
     2.500   264.063   240.000   0.30285
     2.700   262.878   240.000   0.37034
     2.900   261.528   240.000   0.45621
     3.100   259.967   240.000   0.57007
     3.300   258.099   240.000   0.73211
     3.500   255.686   240.000   0.99859
     3.700   251.213   240.000   1.79579
     3.900   242.373   240.000  12.21362
     4.100   242.218   240.000  13.13339
     4.300   242.113   240.000  13.83465
     4.500   242.037   240.000  14.38705
     4.700   241.980   240.000  14.83154
     4.900   241.936   240.000  15.19448
     5.100   241.901   240.000  15.49393
     5.300   241.872   240.000  15.74281
     5.500   241.849   240.000  15.95068
     5.700   241.831   240.000  16.12481
     5.900   241.815   240.000  16.27084
     6.100   241.802   240.000  16.39322
     6.300   241.792   240.000  16.49554
     6.500   241.783   240.000  16.58070
     6.700   241.776   240.000  16.65108
     6.900   241.770   240.000  16.70865
     7.100   241.766   240.000  16.75509
     7.300   241.762   240.000  16.79177
     7.500   241.759   240.000  16.81987
     7.700   241.757   240.000  16.84042
     7.900   241.756   240.000  16.85428
     8.100   241.755   240.000  16.86219
     8.300   241.755   240.000  16.86481
     8.500   241.755   240.000  16.86312
     8.700   241.756   240.000  16.85670
     8.900   241.757   240.000  16.84650
     9.100   241.758   240.000  16.83288
     9.300   241.760   240.000  16.81619
     9.500   241.762   240.000  16.79672
     9.700   241.764   240.000  16.77474
     9.900   241.766   240.000  16.75049
    10.100   241.769   240.000  16.72417
    10.300   241.772   240.000  16.69598
    10.500   241.775   240.000  16.66609
    10.700   241.778   240.000  16.63465
    10.900   241.781   240.000  16.60181
    11.100   241.785   240.000  16.56768
    11.300   241.788   240.000  16.53238
    11.500   241.792   240.000  16.49601
    11.700   241.796   240.000  16.45867
    11.900   241.800   240.000  16.42045
    12.100   241.804   240.000  16.38141
    12.300   241.808   240.000  16.34164
    12.500   241.812   240.000  16.29740
    12.700   241.817   240.000  16.25630
    12.900   241.821   240.000  16.21463
    13.100   241.826   240.000  16.17245
    13.300   241.830   240.000  16.12979
    13.500   241.835   240.000  16.08671
    13.700   241.839   240.000  16.04324
    13.900   241.844   240.000  15.99942
    14.100   241.849   240.000  15.95527
    14.300   241.854   240.000  15.91084
    14.500   241.859   240.000  15.86615
    14.700   241.864   240.000  15.82124
    14.900   241.869   240.000  15.77611
    15.100   241.874   240.000  15.73080
    15.300   241.879   240.000  15.68533
    15.500   241.878   240.000  15.69399
    15.700   241.883   240.000  15.64932
