     0.100   215.622   212.547  140.9008
     0.600   218.534   215.656    3.6123
     1.100   221.154   218.453    0.9961
     1.600   223.523   220.983    0.4380
     2.100   225.676   223.281    0.2373
     2.600   227.641   225.379    0.1449
     3.100   229.442   227.302    0.0956
     3.600   231.098   229.070    0.0667
     4.100   232.626   230.702    0.0485
     4.600   234.041   232.212    0.0364
     5.100   235.354   233.614    0.0280
     5.600   236.576   234.920    0.0220
     6.100   237.717   236.137    0.0176
     6.600   238.784   237.277    0.0143
     7.100   239.784   238.344    0.0117
     7.600   240.723   239.347    0.0097
     8.100   241.607   240.291    0.0082
     8.600   242.441   241.180    0.0069
     9.100   243.227   242.021    0.0059
     9.600   243.972   242.815    0.0051
    10.100   244.677   243.568    0.0044
    10.600   245.345   244.282    0.0038
    11.100   245.981   244.960    0.0033
    11.600   246.585   245.605    0.0029
    12.100   247.160   246.219    0.0026
    12.600   247.709   246.805    0.0023
    13.100   248.232   247.364    0.0020
    13.600   248.732   247.898    0.0018
    14.100   249.211   248.409    0.0016
    14.600   249.669   248.898    0.0014
    15.100   250.108   249.366    0.0013
    15.600   250.529   249.816    0.0011
    16.100   250.933   250.247    0.0010
    16.600   251.321   250.662    0.0009
    17.100   251.694   251.060    0.0008
    17.600   252.053   251.444    0.0008
    18.100   252.399   251.813    0.0007
    18.600   252.732   252.169    0.0006
    19.100   253.054   252.512    0.0006
    19.600   253.364   252.843    0.0005
