     0.100   219.128   216.116  135.7624
     0.600   221.576   218.730    3.5227
     1.100   223.804   221.108    0.9823
     1.600   225.838   223.281    0.4364
     2.100   227.704   225.273    0.2388
     2.600   229.422   227.107    0.1472
     3.100   231.008   228.800    0.0980
     3.600   232.477   230.369    0.0690
     4.100   233.842   231.826    0.0505
     4.600   235.113   233.183    0.0382
     5.100   236.299   234.450    0.0296
     5.600   237.410   235.635    0.0235
     6.100   238.451   236.747    0.0189
     6.600   239.429   237.791    0.0155
     7.100   240.350   238.775    0.0128
     7.600   241.219   239.702    0.0107
     8.100   242.039   240.578    0.0091
     8.600   242.816   241.407    0.0077
     9.100   243.551   242.192    0.0066
     9.600   244.249   242.938    0.0057
    10.100   244.912   243.646    0.0050
    10.600   245.543   244.319    0.0044
    11.100   246.144   244.961    0.0038
    11.600   246.717   245.573    0.0034
    12.100   247.265   246.157    0.0030
    12.600   247.788   246.715    0.0027
    13.100   248.288   247.249    0.0024
    13.600   248.767   247.761    0.0021
    14.100   249.226   248.251    0.0019
    14.600   249.666   248.721    0.0017
    15.100   250.089   249.172    0.0016
    15.600   250.495   249.606    0.0014
    16.100   250.886   250.023    0.0013
    16.600   251.262   250.425    0.0012
    17.100   251.624   250.811    0.0011
    17.600   251.973   251.184    0.0010
    18.100   252.310   251.543    0.0009
    18.600   252.634   251.890    0.0008
    19.100   252.948   252.225    0.0008
    19.600   253.251   252.548    0.0007
    20.100   253.544   252.861    0.0007
    20.600   253.827   253.163    0.0006
    21.100   254.101   253.456    0.0006
    21.600   254.367   253.740    0.0005
    22.100   254.624   254.014    0.0005
    22.600   254.873   254.280    0.0004
    23.100   255.115   254.539    0.0004
    23.600   255.350   254.789    0.0004
    24.100   255.577   255.032    0.0004
    24.600   255.798   255.268    0.0003
