     0.100   217.350   213.696  166.3264
     0.200   217.946   214.332   41.0052
     0.300   218.529   214.955   17.9753
     0.400   219.100   215.564    9.9747
     0.500   219.659   216.161    6.2989
     0.600   220.205   216.744    4.3168
     0.700   220.740   217.316    3.1304
     0.800   221.265   217.875    2.3660
     0.900   221.778   218.423    1.8458
     1.000   222.281   218.960    1.4765
     1.100   222.774   219.487    1.2052
     1.200   223.257   220.002    1.0004
     1.300   223.730   220.508    0.8421
     1.400   224.195   221.004    0.7175
     1.500   224.650   221.490    0.6177
     1.600   225.097   221.967    0.5366
     1.700   225.535   222.435    0.4698
     1.800   225.965   222.894    0.4143
     1.900   226.387   223.344    0.3677
     2.000   226.801   223.786    0.3282
     2.100   227.208   224.220    0.2944
     2.200   227.607   224.647    0.2653
     2.300   227.999   225.065    0.2401
     2.400   228.384   225.477    0.2182
     2.500   228.762   225.881    0.1990
     2.600   229.134   226.277    0.1821
     2.700   229.499   226.667    0.1671
     2.800   229.859   227.051    0.1538
     2.900   230.211   227.428    0.1419
     3.000   230.558   227.798    0.1313
     3.100   230.900   228.162    0.1217
     3.200   231.235   228.521    0.1131
     3.300   231.565   228.873    0.1053
     3.400   231.890   229.220    0.0983
     3.500   232.209   229.560    0.0919
     3.600   232.523   229.896    0.0860
     3.700   232.833   230.226    0.0807
     3.800   233.137   230.551    0.0758
     3.900   233.436   230.871    0.0713
     4.000   233.731   231.186    0.0671
     4.100   234.022   231.496    0.0633
     4.200   234.308   231.801    0.0598
     4.300   234.589   232.102    0.0566
     4.400   234.867   232.398    0.0535
     4.500   235.140   232.689    0.0507
     4.600   235.409   232.977    0.0481
     4.700   235.674   233.260    0.0457
     4.800   235.935   233.539    0.0435
     4.900   236.193   233.814    0.0414
     5.000   236.446   234.084    0.0394
     5.100   236.696   234.351    0.0376
     5.200   236.943   234.615    0.0358
     5.300   237.186   234.874    0.0342
     5.400   237.426   235.130    0.0327
     5.500   237.662   235.382    0.0313
     5.600   237.895   235.631    0.0299
     5.700   238.125   235.877    0.0286
     5.800   238.352   236.119    0.0274
     5.900   238.575   236.357    0.0263
     6.000   238.796   236.593    0.0253
     6.100   239.013   236.825    0.0242
     6.200   239.228   237.055    0.0233
     6.300   239.440   237.281    0.0224
     6.400   239.649   237.504    0.0215
     6.500   239.856   237.725    0.0207
     6.600   240.060   237.942    0.0200
     6.700   240.261   238.157    0.0192
     6.800   240.459   238.369    0.0185
     6.900   240.655   238.578    0.0179
     7.000   240.849   238.785    0.0172
     7.100   241.040   238.989    0.0166
     7.200   241.229   239.191    0.0161
     7.300   241.415   239.390    0.0155
     7.400   241.599   239.586    0.0150
     7.500   241.781   239.780    0.0145
     7.600   241.961   239.972    0.0140
     7.700   242.139   240.162    0.0136
     7.800   242.314   240.349    0.0131
     7.900   242.487   240.534    0.0127
     8.000   242.658   240.717    0.0123
     8.100   242.828   240.898    0.0119
     8.200   242.995   241.076    0.0116
     8.300   243.160   241.253    0.0112
     8.400   243.324   241.427    0.0109
     8.500   243.485   241.599    0.0106
     8.600   243.645   241.770    0.0102
     8.700   243.802   241.938    0.0099
     8.800   243.958   242.105    0.0097
     8.900   244.113   242.270    0.0094
     9.000   244.265   242.432    0.0091
     9.100   244.416   242.594    0.0089
     9.200   244.565   242.753    0.0086
     9.300   244.713   242.910    0.0084
     9.400   244.859   243.066    0.0082
     9.500   245.003   243.220    0.0079
     9.600   245.146   243.373    0.0077
     9.700   245.287   243.523    0.0075
     9.800   245.427   243.673    0.0073
     9.900   245.565   243.820    0.0071
    10.000   245.702   243.966    0.0070
