     1.000   260.863   247.116
     1.100   260.900   247.146
     1.200   260.936   247.174
     1.300   260.971   247.202
     1.400   261.005   247.229
     1.500   261.039   247.256
     1.600   261.071   247.282
     1.700   261.103   247.307
     1.800   261.134   247.332
     1.900   261.165   247.357
     2.000   261.195   247.381
     2.100   261.225   247.405
     2.200   261.254   247.428
     2.300   261.283   247.451
     2.400   261.312   247.474
     2.500   261.340   247.496
     2.600   261.367   247.519
     2.700   261.395   247.541
     2.800   261.422   247.562
     2.900   261.449   247.584
     3.000   261.476   247.605
     3.100   261.502   247.626
     3.200   261.528   247.647
     3.300   261.554   247.668
     3.400   261.580   247.688
     3.500   261.605   247.709
     3.600   261.630   247.729
     3.700   261.655   247.749
     3.800   261.679   247.768
     3.900   261.682   247.773
     4.000   228.351   226.651
     4.100   228.451   226.812
     4.200   228.571   226.982
     4.300   228.705   227.160
     4.400   228.849   227.343
     4.500   229.001   227.530
     4.600   229.159   227.719
     4.700   229.322   227.910
     4.800   229.490   228.103
     4.900   229.660   228.297
     5.000   229.832   228.490
     5.100   230.006   228.684
     5.200   230.182   228.878
     5.300   230.358   229.071
     5.400   230.534   229.264
     5.500   230.711   229.456
     5.600   230.888   229.647
     5.700   231.065   229.838
     5.800   231.242   230.027
     5.900   231.418   230.216
     6.000   231.594   230.404
     6.100   231.770   230.590
     6.200   231.944   230.775
     6.300   232.118   230.960
     6.400   232.292   231.143
     6.500   232.464   231.325
     6.600   232.636   231.505
     6.700   232.806   231.685
     6.800   232.976   231.863
     6.900   233.145   232.041
     7.000   233.313   232.217
     7.100   233.480   232.391
     7.200   233.646   232.565
     7.300   233.811   232.737
     7.400   233.975   232.908
     7.500   234.138   233.078
     7.600   234.300   233.247
     7.700   234.462   233.415
     7.800   234.622   233.581
     7.900   234.781   233.747
     8.000   234.939   233.911
     8.100   235.096   234.074
     8.200   235.252   234.236
     8.300   235.407   234.397
     8.400   235.561   234.557
     8.500   235.714   234.715
     8.600   235.866   234.873
     8.700   236.017   235.029
     8.800   236.167   235.185
