     0.100   271.350   255.607     0.00000    0.0000    0.3298
     0.200   271.350   255.607     0.00000    0.0000    0.3754
     0.300   271.350   255.607     0.00000    0.0000    0.4094
     0.400   271.350   255.607     0.00000    0.0000    0.4372
     0.500   271.350   255.607     0.00000    0.0000    0.4609
     0.600   271.350   255.607     0.00000    0.0000    0.4819
     0.700   271.350   255.607     0.00000    0.0000    0.5010
     0.800   271.350   255.607     0.00000    0.0000    0.5184
     0.900   271.350   255.607     0.00000    0.0000    0.5346
     1.000   271.350   255.607     0.00000    0.0000    0.5498
     1.100   271.350   255.607     0.00000    0.0000    0.5642
     1.200   271.350   255.607     0.00000    0.0000    0.5778
     1.300   271.350   255.607     0.00000    0.0000    0.5908
     1.400   271.350   255.607     0.00000    0.0000    0.6033
     1.500   271.350   255.607     0.00000    0.0000    0.6153
     1.600   271.350   255.607     0.00000    0.0000    0.6269
     1.700   271.350   255.607     0.00000    0.0000    0.6380
     1.800   271.350   255.607     0.00000    0.0000    0.6489
     1.900   271.350   255.607     0.00000    0.0000    0.6594
     2.000   271.350   255.607     0.00000    0.0000    0.6696
     2.100   271.350   255.607     0.00000    0.0000    0.6796
     2.200   271.350   255.607     0.00000    0.0000    0.6893
     2.300   271.350   255.607     0.00000    0.0000    0.6988
     2.400   271.350   255.607     0.00000    0.0000    0.7081
     2.500   271.350   255.607     0.00000    0.0000    0.7172
     2.600   271.350   255.607     0.00000    0.0000    0.7261
     2.700   271.350   255.607     0.00000    0.0000    0.7348
     2.800   271.350   255.607     0.00000    0.0000    0.7434
     2.900   271.350   255.607     0.00000    0.0000    0.7519
     3.000   271.350   255.607     0.00000    0.0000    0.7602
     3.100   271.350   255.607     0.00000    0.0000    0.7684
     3.200   271.350   255.607     0.00000    0.0000    0.7764
     3.300   271.350   255.607     0.00000    0.0000    0.7843
     3.400   271.350   255.607     0.00000    0.0000    0.7922
     3.500   271.350   255.607     0.00000    0.0000    0.7999
     3.600   271.350   255.607     0.00000    0.0000    0.8075
     3.700   271.350   255.607     0.00000    0.0000    0.8150
     3.800   271.350   255.607     0.00000    0.0000    0.8224
     3.900   271.350   255.607     0.00000    0.0000    0.8297
     4.000   271.350   255.607     0.00000    0.0000    0.8370
     4.100   271.350   255.607     0.00000    0.0000    0.8442
     4.200   271.350   255.607     0.00000    0.0000    0.8512
     4.300   271.350   255.607     0.00000    0.0000    0.8583
     4.400   271.350   255.607     0.00000    0.0000    0.8652
     4.500   271.350   255.607     0.00000    0.0000    0.8721
     4.600   271.350   255.607     0.00000    0.0000    0.8789
     4.700   271.350   255.607     0.00000    0.0000    0.8856
     4.800   271.350   255.607     0.00000    0.0000    0.8923
     4.900   237.491   234.929    13.21614    1.0449    1.5022
     5.000   237.589   235.103    13.57898    1.0752    1.5045
     5.100   237.704   235.284    13.89959    1.1022    1.5066
     5.200   237.833   235.471    14.18534    1.1264    1.5087
     5.300   237.973   235.662    14.44177    1.1482    1.5106
     5.400   238.120   235.855    14.67317    1.1680    1.5125
     5.500   238.273   236.051    14.88297    1.1862    1.5143
     5.600   238.431   236.247    15.07390    1.2028    1.5161
     5.700   238.593   236.445    15.24825    1.2181    1.5178
     5.800   238.757   236.642    15.40791    1.2322    1.5195
     5.900   238.924   236.839    15.55446    1.2453    1.5212
     6.000   239.091   237.035    15.69449    1.2579    1.5228
     6.100   239.260   237.231    15.81795    1.2692    1.5245
     6.200   239.430   237.426    15.93198    1.2797    1.5261
     6.300   239.600   237.621    16.03742    1.2895    1.5277
     6.400   239.771   237.814    16.13504    1.2987    1.5293
     6.500   239.941   238.006    16.22550    1.3074    1.5309
     6.600   240.112   238.196    16.30938    1.3155    1.5325
     6.700   240.281   238.386    16.38722    1.3232    1.5341
     6.800   240.451   238.573    16.45948    1.3304    1.5358
     6.900   240.619   238.760    16.52658    1.3372    1.5374
     7.000   240.787   238.945    16.58891    1.3437    1.5390
     7.100   240.955   239.129    16.64681    1.3498    1.5406
     7.200   241.121   239.311    16.70060    1.3555    1.5422
     7.300   241.286   239.491    16.75054    1.3610    1.5438
     7.400   241.451   239.671    16.79691    1.3662    1.5454
     7.500   241.614   239.848    16.83994    1.3712    1.5470
     7.600   241.776   240.024    16.87984    1.3758    1.5487
     7.700   241.938   240.199    16.91681    1.3803    1.5503
     7.800   242.098   240.372    16.95103    1.3846    1.5519
     7.900   242.257   240.544    16.98267    1.3886    1.5536
     8.000   242.415   240.714    17.01188    1.3925    1.5552
     8.100   242.572   240.883    17.03880    1.3962    1.5569
     8.200   242.728   241.050    17.06356    1.3997    1.5586
     8.300   242.882   241.216    17.08629    1.4031    1.5603
     8.400   243.036   241.381    17.10710    1.4063    1.5620
     8.500   243.188   241.544    17.12609    1.4094    1.5637
     8.600   243.339   241.706    17.14335    1.4124    1.5654
     8.700   243.490   241.866    17.15899    1.4152    1.5671
     8.800   243.638   242.025    17.17308    1.4180    1.5688
     8.900   243.786   242.182    17.18570    1.4206    1.5705
     9.000   243.933   242.339    17.19692    1.4231    1.5723
     9.100   244.078   242.493    17.20682    1.4255    1.5740
     9.200   244.223   242.647    17.21546    1.4278    1.5758
     9.300   244.366   242.799    17.22289    1.4300    1.5776
     9.400   244.508   242.950    17.22918    1.4322    1.5794
     9.500   244.649   243.100    17.23438    1.4342    1.5812
     9.600   244.789   243.249    17.23853    1.4362    1.5830
     9.700   244.928   243.396    17.24169    1.4381    1.5848
     9.800   245.066   243.542    17.24386    1.4399    1.5866
     9.900   245.203   243.687    17.24516    1.4417    1.5884
    10.000   245.339   243.831    17.24559    1.4434    1.5903
