     0.100   271.345   255.603     0.00029    0.0000    0.4075
     0.200   271.346   255.603     0.00028    0.0000    0.4275
     0.300   271.346   255.603     0.00027    0.0000    0.4460
     0.400   271.346   255.604     0.00026    0.0000    0.4637
     0.500   271.346   255.604     0.00025    0.0000    0.4807
     0.600   271.346   255.604     0.00024    0.0000    0.4971
     0.700   271.346   255.604     0.00023    0.0000    0.5128
     0.800   271.346   255.604     0.00022    0.0000    0.5279
     0.900   271.347   255.604     0.00022    0.0000    0.5424
     1.000   271.347   255.604     0.00021    0.0000    0.5563
     1.100   271.347   255.604     0.00021    0.0000    0.5696
     1.200   271.347   255.604     0.00020    0.0000    0.5824
     1.300   271.347   255.604     0.00020    0.0000    0.5948
     1.400   271.347   255.604     0.00019    0.0000    0.6067
     1.500   271.347   255.604     0.00019    0.0000    0.6183
     1.600   271.347   255.604     0.00019    0.0000    0.6295
     1.700   271.347   255.605     0.00018    0.0000    0.6404
     1.800   271.347   255.605     0.00018    0.0000    0.6510
     1.900   271.347   255.605     0.00018    0.0000    0.6613
     2.000   271.347   255.605     0.00018    0.0000    0.6713
     2.100   271.347   255.605     0.00017    0.0000    0.6811
     2.200   271.347   255.605     0.00017    0.0000    0.6907
     2.300   271.347   255.605     0.00017    0.0000    0.7001
     2.400   271.347   255.605     0.00017    0.0000    0.7093
     2.500   271.344   255.602     0.00035    0.0000    0.7195
     2.600   271.339   255.598     0.00070    0.0000    0.7304
     2.700   271.326   255.588     0.00154    0.0001    0.7434
     2.800   271.298   255.566     0.00329    0.0001    0.7597
     2.900   271.238   255.520     0.00712    0.0003    0.7821
     3.000   271.114   255.424     0.01501    0.0006    0.8123
     3.100   270.867   255.234     0.03090    0.0014    0.8522
     3.200   270.381   254.863     0.06241    0.0030    0.9030
     3.300   269.413   254.134     0.12674    0.0065    0.9675
     3.400   235.554   231.991    10.04882    0.7774    1.4699
     3.500   235.281   231.972    10.90094    0.8464    1.4753
     3.600   235.170   232.045    11.57646    0.9014    1.4794
     3.700   235.101   232.141    12.24633    0.9560    1.4832
     3.800   235.155   232.304    12.69529    0.9929    1.4860
     3.900   235.243   232.485    13.09095    1.0256    1.4885
     4.000   235.356   232.678    13.44265    1.0548    1.4909
     4.100   235.487   232.880    13.75746    1.0811    1.4930
     4.200   235.632   233.088    14.04090    1.1048    1.4950
     4.300   235.788   233.301    14.29733    1.1265    1.4970
     4.400   235.953   233.517    14.53030    1.1462    1.4988
     4.500   236.124   233.735    14.74272    1.1644    1.5006
     4.600   236.301   233.954    14.93700    1.1811    1.5023
     4.700   236.481   234.174    15.11519    1.1965    1.5040
     4.800   236.665   234.395    15.27902    1.2108    1.5057
     4.900   236.850   234.615    15.42997    1.2241    1.5073
     5.000   237.038   234.834    15.56930    1.2364    1.5089
     5.100   237.226   235.053    15.69815    1.2480    1.5105
     5.200   237.416   235.270    15.81747    1.2588    1.5120
     5.300   237.605   235.487    15.92811    1.2689    1.5136
     5.400   237.795   235.702    16.03083    1.2783    1.5151
     5.500   237.984   235.915    16.12628    1.2872    1.5166
     5.600   238.174   236.128    16.21507    1.2956    1.5181
     5.700   238.362   236.338    16.29772    1.3035    1.5197
     5.800   238.550   236.547    16.37470    1.3110    1.5212
     5.900   238.737   236.754    16.44644    1.3180    1.5227
     6.000   238.923   236.960    16.51332    1.3247    1.5242
     6.100   239.109   237.164    16.57569    1.3310    1.5257
     6.200   239.293   237.366    16.63387    1.3370    1.5272
     6.300   239.476   237.566    16.68813    1.3427    1.5288
     6.400   239.658   237.764    16.73874    1.3481    1.5303
     6.500   239.838   237.961    16.78595    1.3533    1.5318
     6.600   240.017   238.156    16.82995    1.3582    1.5333
     6.700   240.196   238.349    16.87097    1.3629    1.5349
     6.800   240.372   238.540    16.90917    1.3673    1.5364
     6.900   240.548   238.730    16.94473    1.3716    1.5380
     7.000   240.722   238.918    16.97780    1.3757    1.5395
     7.100   240.894   239.104    17.00852    1.3795    1.5411
     7.200   241.066   239.288    17.03703    1.3833    1.5426
     7.300   241.236   239.471    17.06345    1.3868    1.5442
     7.400   241.404   239.652    17.08790    1.3902    1.5458
     7.500   241.572   239.831    17.11048    1.3935    1.5474
     7.600   241.738   240.009    17.13128    1.3966    1.5490
     7.700   241.902   240.185    17.15041    1.3997    1.5506
     7.800   242.065   240.360    17.16808    1.4026    1.5522
     7.900   242.227   240.532    17.18408    1.4053    1.5538
     8.000   242.388   240.704    17.19864    1.4080    1.5555
     8.100   242.547   240.874    17.21183    1.4106    1.5571
     8.200   242.705   241.042    17.22371    1.4131    1.5588
     8.300   242.861   241.208    17.23435    1.4154    1.5604
     8.400   243.017   241.374    17.24381    1.4177    1.5621
     8.500   243.171   241.537    17.25212    1.4199    1.5638
     8.600   243.324   241.700    17.25936    1.4221    1.5655
     8.700   243.475   241.861    17.26549    1.4241    1.5672
     8.800   243.625   242.020    17.27070    1.4261    1.5689
     8.900   243.774   242.178    17.27496    1.4280    1.5706
     9.000   243.922   242.335    17.27832    1.4299    1.5724
     9.100   244.069   242.490    17.28080    1.4317    1.5741
     9.200   244.214   242.644    17.28244    1.4334    1.5759
     9.300   244.358   242.797    17.28328    1.4351    1.5776
     9.400   244.502   242.948    17.28335    1.4367    1.5794
     9.500   244.643   243.098    17.28268    1.4383    1.5812
     9.600   244.784   243.247    17.28130    1.4398    1.5830
     9.700   244.924   243.394    17.27923    1.4413    1.5848
     9.800   245.062   243.541    17.27650    1.4427    1.5866
     9.900   245.200   243.686    17.27314    1.4441    1.5885
    10.000   245.336   243.830    17.26917    1.4454    1.5903
