     0.100   268.806   253.530     0.16650    0.0072    0.8242
     0.200   268.835   253.557     0.16465    0.0072    0.8335
     0.300   268.857   253.579     0.16318    0.0072    0.8410
     0.400   268.895   253.613     0.16068    0.0072    0.8541
     0.500   268.911   253.630     0.15962    0.0072    0.8597
     0.600   268.926   253.646     0.15864    0.0072    0.8650
     0.700   268.940   253.662     0.15772    0.0072    0.8701
     0.800   268.954   253.677     0.15685    0.0072    0.8749
     0.900   268.967   253.691     0.15601    0.0072    0.8796
     1.000   268.979   253.705     0.15520    0.0072    0.8842
     1.100   268.992   253.719     0.15442    0.0072    0.8887
     1.200   269.003   253.733     0.15366    0.0072    0.8930
     1.300   268.938   253.685     0.15812    0.0075    0.9011
     1.400   268.639   253.453     0.17852    0.0086    0.9199
     1.500   268.282   253.178     0.20310    0.0100    0.9398
     1.600   267.928   252.907     0.22781    0.0115    0.9582
     1.700   267.524   252.599     0.25638    0.0132    0.9772
     1.800   267.112   252.288     0.28588    0.0150    0.9953
     1.900   266.655   251.945     0.31917    0.0170    1.0137
     2.000   266.183   251.593     0.35417    0.0192    1.0314
     2.100   265.667   251.211     0.39313    0.0217    1.0494
     2.200   265.119   250.809     0.43545    0.0245    1.0672
     2.300   264.547   250.393     0.48066    0.0274    1.0846
     2.400   263.928   249.946     0.53088    0.0308    1.1023
     2.500   263.276   249.481     0.58525    0.0345    1.1197
     2.600   262.574   248.984     0.64576    0.0387    1.1373
     2.700   261.830   248.463     0.71222    0.0433    1.1549
     2.800   261.027   247.907     0.78678    0.0486    1.1727
     2.900   260.165   247.317     0.87053    0.0546    1.1907
     3.000   259.240   246.691     0.96508    0.0614    1.2088
     3.100   258.231   246.018     1.07416    0.0694    1.2275
     3.200   257.132   245.294     1.20107    0.0788    1.2466
     3.300   255.915   244.504     1.35270    0.0902    1.2664
     3.400   254.554   243.635     1.53818    0.1042    1.2871
     3.500   252.995   242.656     1.77525    0.1223    1.3093
     3.600   251.153   241.521     2.09685    0.1472    1.3336
     3.700   248.834   240.122     2.58444    0.1852    1.3616
     3.800   245.523   238.177     3.51575    0.2586    1.3975
     3.900   240.700   235.473     5.86370    0.4456    1.4440
     4.000   238.419   234.316     8.02497    0.6193    1.4664
     4.100   237.636   234.013     9.30565    0.7229    1.4759
     4.200   237.062   233.833    10.61820    0.8292    1.4837
     4.300   236.975   233.913    11.22595    0.8789    1.4876
     4.400   236.954   234.029    11.75815    0.9226    1.4909
     4.500   236.979   234.168    12.22809    0.9614    1.4938
     4.600   237.038   234.325    12.64610    0.9960    1.4965
     4.700   237.123   234.495    13.02027    1.0272    1.4989
     4.800   237.228   234.673    13.35705    1.0553    1.5012
     4.900   237.347   234.858    13.66161    1.0809    1.5033
     5.000   237.479   235.049    13.93816    1.1043    1.5054
     5.100   237.620   235.243    14.19019    1.1257    1.5073
     5.200   237.768   235.439    14.42060    1.1454    1.5092
     5.300   237.922   235.637    14.63183    1.1636    1.5110
     5.400   238.081   235.837    14.82595    1.1805    1.5128
     5.500   238.243   236.037    15.00474    1.1961    1.5145
     5.600   238.408   236.237    15.16973    1.2106    1.5162
     5.700   238.576   236.437    15.32225    1.2241    1.5179
     5.800   238.745   236.636    15.46344    1.2367    1.5196
     5.900   238.915   236.835    15.59434    1.2486    1.5212
     6.000   239.086   237.033    15.71583    1.2596    1.5229
     6.100   239.258   237.230    15.82870    1.2700    1.5245
     6.200   239.430   237.426    15.93367    1.2798    1.5261
     6.300   239.602   237.621    16.03137    1.2890    1.5277
     6.400   239.773   237.815    16.12235    1.2977    1.5293
     6.500   239.945   238.007    16.20713    1.3059    1.5309
     6.600   240.116   238.198    16.28616    1.3136    1.5325
     6.700   240.286   238.388    16.35985    1.3209    1.5341
     6.800   240.456   238.576    16.42859    1.3279    1.5357
     6.900   240.625   238.763    16.49271    1.3344    1.5373
     7.000   240.794   238.948    16.55253    1.3407    1.5389
     7.100   240.961   239.131    16.60832    1.3466    1.5405
     7.200   241.128   239.314    16.66035    1.3522    1.5421
     7.300   241.293   239.494    16.70885    1.3576    1.5437
     7.400   241.458   239.673    16.75405    1.3627    1.5453
     7.500   241.621   239.851    16.79614    1.3675    1.5470
     7.600   241.783   240.027    16.83531    1.3722    1.5486
     7.700   241.945   240.202    16.87174    1.3766    1.5502
     7.800   242.105   240.375    16.90557    1.3808    1.5519
     7.900   242.264   240.547    16.93696    1.3848    1.5535
     8.000   242.422   240.717    16.96605    1.3887    1.5552
     8.100   242.579   240.886    16.99295    1.3924    1.5569
     8.200   242.734   241.053    17.01779    1.3959    1.5585
     8.300   242.889   241.219    17.04109    1.3994    1.5602
     8.400   243.042   241.383    17.06208    1.4026    1.5619
     8.500   243.194   241.546    17.08132    1.4057    1.5636
     8.600   243.346   241.708    17.09889    1.4087    1.5653
     8.700   243.495   241.868    17.11488    1.4116    1.5670
     8.800   243.644   242.027    17.12937    1.4143    1.5688
     8.900   243.792   242.184    17.14243    1.4169    1.5705
     9.000   243.938   242.341    17.15412    1.4195    1.5722
     9.100   244.084   242.495    17.16451    1.4219    1.5740
     9.200   244.228   242.649    17.17366    1.4243    1.5758
     9.300   244.371   242.801    17.18163    1.4266    1.5775
     9.400   244.513   242.952    17.18846    1.4287    1.5793
     9.500   244.654   243.102    17.19422    1.4308    1.5811
     9.600   244.794   243.250    17.19894    1.4329    1.5829
     9.700   244.933   243.398    17.20267    1.4348    1.5847
     9.800   245.071   243.544    17.20546    1.4367    1.5866
     9.900   245.208   243.688    17.20734    1.4385    1.5884
    10.000   245.343   243.832    17.20836    1.4403    1.5902
