     0.900   249.461   247.365     8.17283    1.3255    1.4594
     0.910   247.968   245.983     9.14601    1.3337    1.4743
     0.920   246.266   244.407    10.36154    1.3431    1.4905
     0.930   244.306   242.589    11.92364    1.3540    1.5085
     0.940   242.017   240.463    14.00629    1.3668    1.5285
     0.950   239.300   237.935    16.92314    1.3820    1.5513
     0.960   236.009   234.867    21.30307    1.4005    1.5774
     0.970   231.913   231.038    28.61374    1.4237    1.6082
     0.980   226.625   226.078    43.26980    1.4539    1.6456
     0.990   219.417   219.292    87.36464    1.4957    1.6931
     1.000   208.665   209.110 88476.58699    1.5559    1.7585
