     0.100   257.001   244.026     0.12567    0.0072    1.0920
     0.600   257.422   244.393     0.12192    0.0072    1.1255
     1.100   257.794   244.720     0.11861    0.0072    1.1569
     1.600   256.992   244.177     0.20923    0.0131    1.1895
     2.100   255.304   243.056     0.38934    0.0252    1.2316
     2.600   252.676   241.400     0.69534    0.0469    1.2820
     3.100   248.400   238.858     1.32367    0.0938    1.3460
     3.600   236.117   232.136     6.48026    0.5020    1.4720
     4.100   234.061   231.748    12.13132    0.9603    1.5040
     4.600   234.748   232.793    14.02807    1.1181    1.5144
     5.100   235.671   233.919    15.16232    1.2152    1.5227
     5.600   236.646   235.034    15.89655    1.2804    1.5304
     6.100   237.617   236.110    16.39166    1.3267    1.5378
     6.600   238.564   237.141    16.73206    1.3608    1.5452
     7.100   239.477   238.126    16.96678    1.3866    1.5528
     7.600   240.355   239.065    17.12668    1.4067    1.5606
     8.100   241.197   239.961    17.23095    1.4225    1.5686
     8.600   242.004   240.816    17.29374    1.4352    1.5768
     9.100   242.777   241.634    17.32456    1.4455    1.5852
     9.600   243.519   242.416    17.33028    1.4539    1.5940
    10.100   244.231   243.165    17.31598    1.4609    1.6030
    10.600   244.914   243.883    17.28546    1.4668    1.6123
    11.100   245.572   244.573    17.24164    1.4717    1.6218
    11.600   246.204   245.236    17.18678    1.4760    1.6317
    12.100   246.813   245.874    17.12268    1.4796    1.6418
    12.600   247.400   246.488    17.05075    1.4827    1.6522
    13.100   247.968   247.083    16.96871    1.4853    1.6632
    13.600   248.515   247.654    16.88422    1.4877    1.6741
    14.100   249.043   248.205    16.79473    1.4897    1.6853
    14.600   249.553   248.738    16.70091    1.4915    1.6968
    15.100   250.047   249.253    16.60332    1.4931    1.7086
    15.600   250.525   249.752    16.50244    1.4945    1.7207
    16.100   250.951   250.199    16.44535    1.4958    1.7281
    16.600   251.437   250.703    16.29155    1.4969    1.7457
    17.100   251.872   251.156    16.18296    1.4979    1.7586
    17.600   252.294   251.596    16.07245    1.4987    1.7717
    18.100   252.703   252.023    15.96028    1.4995    1.7851
    18.600   253.101   252.437    15.84669    1.5003    1.7988
    19.100   253.487   252.839    15.73188    1.5009    1.8127
    19.600   253.864   253.231    15.61492    1.5015    1.8270
    20.100   254.228   253.610    15.49815    1.5020    1.8414
    20.600   254.583   253.979    15.38070    1.5025    1.8561
    21.100   254.928   254.338    15.26267    1.5030    1.8710
    21.600   255.264   254.688    15.14426    1.5034    1.8862
    22.100   255.590   255.027    15.02559    1.5038    1.9015
    22.600   255.908   255.358    14.90677    1.5041    1.9171
    23.100   256.217   255.680    14.78792    1.5044    1.9329
    23.600   256.518   255.993    14.66943    1.5047    1.9489
    24.100   256.811   256.298    14.55079    1.5050    1.9651
    24.600   257.097   256.595    14.43240    1.5052    1.9816
