     0.100   260.934   240.000     0.49756    0.0393    1.5000
     0.200   260.934   240.000     0.49756    0.0393    1.5000
     0.300   260.511   240.000     0.52848    0.0417    1.5000
     0.400   259.849   240.000     0.57941    0.0457    1.5000
     0.500   259.202   240.000     0.63265    0.0499    1.5000
     0.600   258.592   240.000     0.68621    0.0542    1.5000
     0.700   258.015   240.000     0.74022    0.0584    1.5000
     0.800   257.470   240.000     0.79454    0.0627    1.5000
     0.900   256.952   240.000     0.84932    0.0671    1.5000
     1.000   256.460   240.000     0.90463    0.0714    1.5000
     1.100   255.987   240.000     0.96091    0.0759    1.5000
     1.200   255.533   240.000     1.01826    0.0804    1.5000
     1.300   255.095   240.000     1.07690    0.0850    1.5000
     1.400   254.670   240.000     1.13704    0.0898    1.5000
     1.500   254.257   240.000     1.19891    0.0947    1.5000
     1.600   253.855   240.000     1.26265    0.0997    1.5000
     1.700   253.463   240.000     1.32865    0.1049    1.5000
     1.800   253.078   240.000     1.39713    0.1103    1.5000
     1.900   252.701   240.000     1.46838    0.1159    1.5000
     2.000   252.329   240.000     1.54273    0.1218    1.5000
     2.100   251.963   240.000     1.62054    0.1279    1.5000
     2.200   251.602   240.000     1.70219    0.1344    1.5000
     2.300   251.244   240.000     1.78825    0.1412    1.5000
     2.400   250.888   240.000     1.87925    0.1484    1.5000
     2.500   250.535   240.000     1.97585    0.1560    1.5000
     2.600   250.182   240.000     2.07884    0.1641    1.5000
     2.700   249.830   240.000     2.18913    0.1728    1.5000
     2.800   249.477   240.000     2.30800    0.1822    1.5000
     2.900   249.122   240.000     2.43685    0.1924    1.5000
     3.000   248.763   240.000     2.57759    0.2035    1.5000
     3.100   248.399   240.000     2.73260    0.2157    1.5000
     3.200   248.028   240.000     2.90525    0.2294    1.5000
     3.300   247.646   240.000     3.10007    0.2447    1.5000
     3.400   247.251   240.000     3.32362    0.2624    1.5000
     3.500   246.836   240.000     3.58612    0.2831    1.5000
     3.600   246.393   240.000     3.90414    0.3082    1.5000
     3.700   245.906   240.000     4.30818    0.3401    1.5000
     3.800   245.348   240.000     4.86212    0.3839    1.5000
     3.900   244.659   240.000     5.72862    0.4523    1.5000
     4.000   243.815   240.000     7.21819    0.5699    1.5000
     4.100   243.048   240.000     9.28484    0.7330    1.5000
     4.200   242.837   240.000    10.05096    0.7935    1.5000
     4.300   242.682   240.000    10.68691    0.8437    1.5000
     4.400   242.564   240.000    11.22867    0.8865    1.5000
     4.500   242.469   240.000    11.69986    0.9237    1.5000
     4.600   242.390   240.000    12.11622    0.9565    1.5000
     4.700   242.324   240.000    12.48865    0.9859    1.5000
     4.800   242.268   240.000    12.82499    1.0125    1.5000
     4.900   242.219   240.000    13.13107    1.0367    1.5000
     5.000   242.175   240.000    13.41134    1.0588    1.5000
     5.100   242.137   240.000    13.66932    1.0792    1.5000
     5.200   242.103   240.000    13.90782    1.0980    1.5000
     5.300   242.072   240.000    14.12912    1.1155    1.5000
     5.400   242.044   240.000    14.33514    1.1317    1.5000
     5.500   242.019   240.000    14.52748    1.1469    1.5000
     5.600   241.996   240.000    14.70748    1.1611    1.5000
     5.700   241.975   240.000    14.87633    1.1744    1.5000
     5.800   241.955   240.000    15.03502    1.1870    1.5000
     5.900   241.937   240.000    15.18445    1.1988    1.5000
     6.000   241.920   240.000    15.32539    1.2099    1.5000
     6.100   241.905   240.000    15.45852    1.2204    1.5000
     6.200   241.890   240.000    15.58447    1.2304    1.5000
     6.300   241.877   240.000    15.70377    1.2398    1.5000
     6.400   241.864   240.000    15.81691    1.2487    1.5000
     6.500   241.852   240.000    15.92434    1.2572    1.5000
     6.600   241.841   240.000    16.02646    1.2652    1.5000
     6.700   241.831   240.000    16.12362    1.2729    1.5000
     6.800   241.821   240.000    16.21616    1.2802    1.5000
     6.900   241.812   240.000    16.30438    1.2872    1.5000
     7.000   241.803   240.000    16.38855    1.2938    1.5000
     7.100   241.795   240.000    16.46893    1.3002    1.5000
     7.200   241.787   240.000    16.54574    1.3062    1.5000
     7.300   241.779   240.000    16.61921    1.3120    1.5000
     7.400   241.772   240.000    16.68953    1.3176    1.5000
     7.500   241.766   240.000    16.75688    1.3229    1.5000
     7.600   241.759   240.000    16.82143    1.3280    1.5000
     7.700   241.753   240.000    16.88334    1.3329    1.5000
     7.800   241.747   240.000    16.94275    1.3376    1.5000
     7.900   241.742   240.000    16.99979    1.3421    1.5000
     8.000   241.736   240.000    17.05460    1.3464    1.5000
     8.100   241.731   240.000    17.10729    1.3506    1.5000
     8.200   241.727   240.000    17.15797    1.3546    1.5000
     8.300   241.722   240.000    17.20675    1.3584    1.5000
     8.400   241.717   240.000    17.25371    1.3621    1.5000
     8.500   241.713   240.000    17.29895    1.3657    1.5000
     8.600   241.709   240.000    17.34255    1.3691    1.5000
     8.700   241.705   240.000    17.38459    1.3725    1.5000
     8.800   241.701   240.000    17.42515    1.3757    1.5000
     8.900   241.698   240.000    17.46429    1.3788    1.5000
     9.000   241.694   240.000    17.50208    1.3817    1.5000
     9.100   241.691   240.000    17.53859    1.3846    1.5000
     9.200   241.688   240.000    17.57387    1.3874    1.5000
     9.300   241.685   240.000    17.60797    1.3901    1.5000
     9.400   241.682   240.000    17.64095    1.3927    1.5000
     9.500   241.679   240.000    17.67286    1.3952    1.5000
     9.600   241.676   240.000    17.70374    1.3977    1.5000
     9.700   241.673   240.000    17.73364    1.4000    1.5000
     9.800   241.671   240.000    17.76259    1.4023    1.5000
     9.900   241.668   240.000    17.79065    1.4045    1.5000
    10.000   241.666   240.000    17.81783    1.4067    1.5000
