   0.00010     1.000   269.472   254.100
   0.00010     2.000   254.119   242.690
   0.00010     3.000   240.931   234.728
   0.00010     4.000   237.302   233.855
   0.00010     5.000   238.710   235.867
   0.00010     6.000   240.511   237.965
   0.00010     7.000   242.334   239.978
   0.00010     8.000   244.007   241.795
   0.00010     9.000   245.562   243.467
   0.00010    10.000   247.004   245.007
   0.00010    11.000   248.345   246.432
   0.00010    12.000   249.592   247.754
   0.00010    13.000   250.756   248.986
   0.00010    14.000   251.840   250.131
   0.00010    15.000   252.854   251.202
   0.00010    16.000   253.804   252.203
   0.00010    17.000   254.694   253.142
   0.00010    18.000   255.529   254.022
   0.00010    19.000   256.314   254.849
   0.00010    20.000   257.051   255.626
   0.00010    21.000   257.744   256.357
   0.00010    22.000   258.396   257.044
   0.00010    23.000   259.009   257.692
   0.00010    24.000   259.587   258.302
   0.00010    25.000   260.131   258.877
   0.00010    26.000   260.644   259.419
   0.00010    27.000   261.127   259.931
   0.00010    28.000   261.584   260.414
   0.00010    29.000   262.015   260.871
   0.00010    30.000   262.422   261.302
   0.00010    31.000   262.807   261.711
   0.00010    32.000   263.171   262.098
   0.00010    33.000   263.516   262.465
   0.00010    34.000   263.842   262.813
   0.00010    35.000   264.152   263.142
   0.00010    36.000   264.446   263.456
   0.00010    37.000   264.724   263.754
   0.00010    38.000   264.989   264.037
   0.00010    39.000   265.241   264.306
   0.00210     1.000   269.051   253.763
   0.00210     2.000   248.546   238.786
   0.00210     3.000   231.854   229.488
   0.00210     4.000   233.840   232.065
   0.00210     5.000   236.268   234.705
   0.00210     6.000   238.538   237.104
   0.00210     7.000   240.613   239.273
   0.00210     8.000   242.494   241.228
   0.00210     9.000   244.210   243.008
   0.00210    10.000   245.785   244.637
   0.00210    11.000   247.232   246.132
   0.00210    12.000   248.573   247.516
   0.00210    13.000   249.818   248.800
   0.00210    14.000   250.976   249.994
   0.00210    15.000   252.056   251.106
   0.00210    16.000   253.064   252.145
   0.00210    17.000   254.008   253.117
   0.00210    18.000   254.892   254.027
   0.00210    19.000   255.719   254.880
   0.00210    20.000   256.497   255.680
   0.00210    21.000   257.227   256.433
   0.00210    22.000   257.913   257.140
   0.00210    23.000   258.558   257.805
   0.00210    24.000   259.165   258.431
   0.00210    25.000   259.736   259.020
   0.00210    26.000   260.274   259.575
   0.00210    27.000   260.781   260.098
   0.00210    28.000   261.259   260.592
   0.00210    29.000   261.709   261.057
   0.00210    30.000   262.135   261.497
   0.00210    31.000   262.537   261.913
   0.00210    32.000   262.917   262.307
   0.00210    33.000   263.277   262.679
   0.00210    34.000   263.617   263.032
   0.00210    35.000   263.940   263.366
   0.00210    36.000   264.245   263.683
   0.00210    37.000   264.535   263.984
   0.00210    38.000   264.811   264.270
   0.00210    39.000   265.072   264.542
   0.00410     1.000   268.920   253.659
   0.00410     2.000   246.806   237.595
   0.00410     3.000   230.798   228.908
   0.00410     4.000   233.267   231.773
   0.00410     5.000   235.827   234.497
   0.00410     6.000   238.180   236.953
   0.00410     7.000   240.295   239.145
   0.00410     8.000   242.205   241.119
   0.00410     9.000   243.951   242.918
   0.00410    10.000   245.550   244.564
   0.00410    11.000   247.021   246.076
   0.00410    12.000   248.380   247.472
   0.00410    13.000   249.640   248.765
   0.00410    14.000   250.812   249.967
   0.00410    15.000   251.904   251.088
   0.00410    16.000   252.924   252.134
   0.00410    17.000   253.878   253.112
   0.00410    18.000   254.771   254.028
   0.00410    19.000   255.608   254.886
   0.00410    20.000   256.393   255.692
   0.00410    21.000   257.130   256.448
   0.00410    22.000   257.823   257.159
   0.00410    23.000   258.474   257.827
   0.00410    24.000   259.086   258.455
   0.00410    25.000   259.662   259.047
   0.00410    26.000   260.204   259.604
   0.00410    27.000   260.715   260.129
   0.00410    28.000   261.197   260.625
   0.00410    29.000   261.652   261.092
   0.00410    30.000   262.081   261.534
   0.00410    31.000   262.486   261.951
   0.00410    32.000   262.870   262.346
   0.00410    33.000   263.232   262.719
   0.00410    34.000   263.575   263.073
   0.00410    35.000   263.900   263.408
   0.00410    36.000   264.208   263.726
   0.00410    37.000   264.500   264.027
   0.00410    38.000   264.777   264.314
   0.00410    39.000   265.041   264.586
   0.00610     1.000   268.828   253.585
   0.00610     2.000   245.622   236.792
   0.00610     3.000   230.279   228.625
   0.00610     4.000   232.957   231.616
   0.00610     5.000   235.599   234.396
   0.00610     6.000   237.976   236.864
   0.00610     7.000   240.110   239.067
   0.00610     8.000   242.046   241.060
   0.00610     9.000   243.810   242.872
   0.00610    10.000   245.421   244.525
   0.00610    11.000   246.903   246.044
   0.00610    12.000   248.272   247.447
   0.00610    13.000   249.542   248.747
   0.00610    14.000   250.721   249.954
   0.00610    15.000   251.819   251.078
   0.00610    16.000   252.845   252.128
   0.00610    17.000   253.804   253.109
   0.00610    18.000   254.703   254.029
   0.00610    19.000   255.545   254.890
   0.00610    20.000   256.334   255.698
   0.00610    21.000   257.075   256.456
   0.00610    22.000   257.772   257.169
   0.00610    23.000   258.426   257.839
   0.00610    24.000   259.041   258.469
   0.00610    25.000   259.620   259.062
   0.00610    26.000   260.165   259.621
   0.00610    27.000   260.679   260.147
   0.00610    28.000   261.163   260.644
   0.00610    29.000   261.620   261.112
   0.00610    30.000   262.051   261.554
   0.00610    31.000   262.458   261.972
   0.00610    32.000   262.843   262.368
   0.00610    33.000   263.207   262.742
   0.00610    34.000   263.551   263.096
   0.00610    35.000   263.878   263.431
   0.00610    36.000   264.187   263.750
   0.00610    37.000   264.480   264.052
   0.00610    38.000   264.759   264.338
   0.00610    39.000   265.023   264.611
   0.00810     1.000   268.752   253.525
   0.00810     2.000   244.685   236.160
   0.00810     3.000   229.947   228.445
   0.00810     4.000   232.748   231.510
   0.00810     5.000   235.435   234.319
   0.00810     6.000   237.836   236.804
   0.00810     7.000   239.987   239.018
   0.00810     8.000   241.937   241.020
   0.00810     9.000   243.711   242.839
   0.00810    10.000   245.332   244.498
   0.00810    11.000   246.821   246.023
   0.00810    12.000   248.199   247.431
   0.00810    13.000   249.473   248.734
   0.00810    14.000   250.657   249.944
   0.00810    15.000   251.761   251.071
   0.00810    16.000   252.792   252.125
   0.00810    17.000   253.755   253.108
   0.00810    18.000   254.656   254.029
   0.00810    19.000   255.501   254.892
   0.00810    20.000   256.294   255.702
   0.00810    21.000   257.038   256.462
   0.00810    22.000   257.736   257.176
   0.00810    23.000   258.393   257.847
   0.00810    24.000   259.011   258.478
   0.00810    25.000   259.592   259.073
   0.00810    26.000   260.139   259.632
   0.00810    27.000   260.654   260.159
   0.00810    28.000   261.140   260.657
   0.00810    29.000   261.598   261.126
   0.00810    30.000   262.030   261.569
   0.00810    31.000   262.438   261.987
   0.00810    32.000   262.824   262.383
   0.00810    33.000   263.189   262.757
   0.00810    34.000   263.535   263.112
   0.00810    35.000   263.862   263.448
   0.00810    36.000   264.172   263.766
   0.00810    37.000   264.467   264.068
   0.00810    38.000   264.746   264.355
   0.00810    39.000   265.011   264.628
   0.01010     1.000   268.686   253.472
   0.01010     2.000   243.886   235.626
   0.01010     3.000   229.708   228.315
   0.01010     4.000   232.592   231.431
   0.01010     5.000   235.311   234.262
   0.01010     6.000   237.731   236.758
   0.01010     7.000   239.894   238.981
   0.01010     8.000   241.857   240.992
   0.01010     9.000   243.637   242.814
   0.01010    10.000   245.264   244.478
   0.01010    11.000   246.762   246.009
   0.01010    12.000   248.142   247.418
   0.01010    13.000   249.421   248.724
   0.01010    14.000   250.609   249.937
   0.01010    15.000   251.718   251.068
   0.01010    16.000   252.751   252.122
   0.01010    17.000   253.717   253.107
   0.01010    18.000   254.621   254.030
   0.01010    19.000   255.469   254.894
   0.01010    20.000   256.264   255.705
   0.01010    21.000   257.010   256.466
   0.01010    22.000   257.710   257.181
   0.01010    23.000   258.368   257.853
   0.01010    24.000   258.987   258.486
   0.01010    25.000   259.570   259.080
   0.01010    26.000   260.118   259.641
   0.01010    27.000   260.635   260.169
   0.01010    28.000   261.122   260.666
   0.01010    29.000   261.581   261.136
   0.01010    30.000   262.014   261.579
   0.01010    31.000   262.424   261.998
   0.01010    32.000   262.811   262.394
   0.01010    33.000   263.176   262.769
   0.01010    34.000   263.523   263.124
   0.01010    35.000   263.851   263.460
   0.01010    36.000   264.161   263.778
   0.01010    37.000   264.456   264.081
   0.01010    38.000   264.736   264.368
   0.01010    39.000   265.002   264.641
   0.01210     1.000   268.626   253.424
   0.01210     2.000   243.177   235.154
   0.01210     3.000   229.524   228.216
   0.01210     4.000   232.469   231.369
   0.01210     5.000   235.213   234.216
   0.01210     6.000   237.639   236.714
   0.01210     7.000   239.820   238.951
   0.01210     8.000   241.791   240.968
   0.01210     9.000   243.577   242.794
   0.01210    10.000   245.210   244.462
   0.01210    11.000   246.713   245.996
   0.01210    12.000   248.097   247.408
   0.01210    13.000   249.380   248.716
   0.01210    14.000   250.573   249.932
   0.01210    15.000   251.683   251.064
   0.01210    16.000   252.718   252.119
   0.01210    17.000   253.687   253.106
   0.01210    18.000   254.593   254.030
   0.01210    19.000   255.443   254.896
   0.01210    20.000   256.239   255.708
   0.01210    21.000   256.987   256.470
   0.01210    22.000   257.689   257.186
   0.01210    23.000   258.349   257.859
   0.01210    24.000   258.969   258.491
   0.01210    25.000   259.553   259.087
   0.01210    26.000   260.102   259.648
   0.01210    27.000   260.620   260.176
   0.01210    28.000   261.107   260.674
   0.01210    29.000   261.568   261.144
   0.01210    30.000   262.002   261.588
   0.01210    31.000   262.412   262.007
   0.01210    32.000   262.799   262.403
   0.01210    33.000   263.166   262.778
   0.01210    34.000   263.513   263.133
   0.01210    35.000   263.841   263.470
   0.01210    36.000   264.153   263.788
   0.01210    37.000   264.448   264.091
   0.01210    38.000   264.728   264.378
   0.01210    39.000   264.994   264.651
   0.01410     1.000   268.570   253.380
   0.01410     2.000   242.528   234.724
   0.01410     3.000   229.376   228.136
   0.01410     4.000   232.368   231.318
   0.01410     5.000   235.132   234.179
   0.01410     6.000   237.569   236.684
   0.01410     7.000   239.758   238.926
   0.01410     8.000   241.736   240.948
   0.01410     9.000   243.528   242.778
   0.01410    10.000   245.168   244.451
   0.01410    11.000   246.672   245.985
   0.01410    12.000   248.060   247.399
   0.01410    13.000   249.345   248.709
   0.01410    14.000   250.541   249.928
   0.01410    15.000   251.653   251.060
   0.01410    16.000   252.691   252.117
   0.01410    17.000   253.661   253.105
   0.01410    18.000   254.570   254.031
   0.01410    19.000   255.421   254.897
   0.01410    20.000   256.219   255.710
   0.01410    21.000   256.968   256.473
   0.01410    22.000   257.671   257.189
   0.01410    23.000   258.332   257.863
   0.01410    24.000   258.953   258.496
   0.01410    25.000   259.538   259.092
   0.01410    26.000   260.089   259.653
   0.01410    27.000   260.607   260.182
   0.01410    28.000   261.096   260.681
   0.01410    29.000   261.556   261.151
   0.01410    30.000   261.991   261.595
   0.01410    31.000   262.402   262.014
   0.01410    32.000   262.790   262.411
   0.01410    33.000   263.157   262.786
   0.01410    34.000   263.505   263.141
   0.01410    35.000   263.834   263.478
   0.01410    36.000   264.145   263.797
   0.01410    37.000   264.441   264.099
   0.01410    38.000   264.722   264.386
   0.01410    39.000   264.988   264.659
   0.01610     1.000   268.517   253.338
   0.01610     2.000   241.922   234.324
   0.01610     3.000   229.253   228.070
   0.01610     4.000   232.283   231.275
   0.01610     5.000   235.063   234.147
   0.01610     6.000   237.510   236.658
   0.01610     7.000   239.706   238.905
   0.01610     8.000   241.689   240.931
   0.01610     9.000   243.486   242.764
   0.01610    10.000   245.130   244.440
   0.01610    11.000   246.637   245.976
   0.01610    12.000   248.028   247.392
   0.01610    13.000   249.318   248.706
   0.01610    14.000   250.514   249.923
   0.01610    15.000   251.628   251.057
   0.01610    16.000   252.668   252.116
   0.01610    17.000   253.640   253.105
   0.01610    18.000   254.550   254.031
   0.01610    19.000   255.403   254.898
   0.01610    20.000   256.202   255.712
   0.01610    21.000   256.952   256.475
   0.01610    22.000   257.656   257.192
   0.01610    23.000   258.318   257.866
   0.01610    24.000   258.941   258.500
   0.01610    25.000   259.526   259.097
   0.01610    26.000   260.077   259.658
   0.01610    27.000   260.596   260.187
   0.01610    28.000   261.086   260.686
   0.01610    29.000   261.547   261.157
   0.01610    30.000   261.983   261.601
   0.01610    31.000   262.394   262.021
   0.01610    32.000   262.782   262.417
   0.01610    33.000   263.150   262.793
   0.01610    34.000   263.498   263.148
   0.01610    35.000   263.827   263.484
   0.01610    36.000   264.139   263.804
   0.01610    37.000   264.435   264.106
   0.01610    38.000   264.716   264.394
   0.01610    39.000   264.983   264.667
   0.01810     1.000   268.466   253.297
   0.01810     2.000   241.344   233.944
   0.01810     3.000   229.148   228.013
   0.01810     4.000   232.235   231.262
   0.01810     5.000   235.004   234.119
   0.01810     6.000   237.458   236.636
   0.01810     7.000   239.665   238.891
   0.01810     8.000   241.649   240.916
   0.01810     9.000   243.449   242.752
   0.01810    10.000   245.097   244.430
   0.01810    11.000   246.607   245.968
   0.01810    12.000   248.000   247.386
   0.01810    13.000   249.292   248.701
   0.01810    14.000   250.491   249.920
   0.01810    15.000   251.607   251.055
   0.01810    16.000   252.648   252.114
   0.01810    17.000   253.622   253.105
   0.01810    18.000   254.533   254.031
   0.01810    19.000   255.387   254.899
   0.01810    20.000   256.187   255.713
   0.01810    21.000   256.938   256.477
   0.01810    22.000   257.643   257.195
   0.01810    23.000   258.306   257.870
   0.01810    24.000   258.929   258.504
   0.01810    25.000   259.515   259.101
   0.01810    26.000   260.067   259.662
   0.01810    27.000   260.587   260.192
   0.01810    28.000   261.077   260.691
   0.01810    29.000   261.539   261.162
   0.01810    30.000   261.975   261.606
   0.01810    31.000   262.387   262.026
   0.01810    32.000   262.776   262.423
   0.01810    33.000   263.144   262.798
   0.01810    34.000   263.492   263.154
   0.01810    35.000   263.822   263.490
   0.01810    36.000   264.134   263.810
   0.01810    37.000   264.430   264.112
   0.01810    38.000   264.712   264.400
   0.01810    39.000   264.979   264.673
   0.02010     1.000   268.417   253.258
   0.02010     2.000   240.784   233.579
   0.02010     3.000   229.057   227.964
   0.02010     4.000   232.171   231.231
   0.02010     5.000   234.951   234.095
   0.02010     6.000   237.413   236.616
   0.02010     7.000   239.625   238.875
   0.02010     8.000   241.613   240.903
   0.02010     9.000   243.421   242.744
   0.02010    10.000   245.068   244.422
   0.02010    11.000   246.580   245.961
   0.02010    12.000   247.976   247.380
   0.02010    13.000   249.270   248.697
   0.02010    14.000   250.470   249.917
   0.02010    15.000   251.587   251.053
   0.02010    16.000   252.630   252.113
   0.02010    17.000   253.606   253.104
   0.02010    18.000   254.518   254.032
   0.02010    19.000   255.372   254.900
   0.02010    20.000   256.174   255.715
   0.02010    21.000   256.926   256.479
   0.02010    22.000   257.632   257.198
   0.02010    23.000   258.295   257.872
   0.02010    24.000   258.919   258.507
   0.02010    25.000   259.506   259.104
   0.02010    26.000   260.058   259.666
   0.02010    27.000   260.579   260.196
   0.02010    28.000   261.069   260.695
   0.02010    29.000   261.532   261.166
   0.02010    30.000   261.968   261.611
   0.02010    31.000   262.380   262.031
   0.02010    32.000   262.770   262.428
   0.02010    33.000   263.138   262.803
   0.02010    34.000   263.486   263.159
   0.02010    35.000   263.817   263.496
   0.02010    36.000   264.129   263.815
   0.02010    37.000   264.426   264.118
   0.02010    38.000   264.707   264.405
   0.02010    39.000   264.975   264.678
   0.02210     1.000   268.369   253.221
   0.02210     2.000   240.235   233.221
   0.02210     3.000   228.977   227.921
   0.02210     4.000   232.114   231.202
   0.02210     5.000   234.905   234.073
   0.02210     6.000   237.372   236.598
   0.02210     7.000   239.590   238.861
   0.02210     8.000   241.581   240.891
   0.02210     9.000   243.392   242.735
   0.02210    10.000   245.042   244.414
   0.02210    11.000   246.557   245.955
   0.02210    12.000   247.956   247.378
   0.02210    13.000   249.250   248.693
   0.02210    14.000   250.452   249.914
   0.02210    15.000   251.570   251.051
   0.02210    16.000   252.616   252.113
   0.02210    17.000   253.591   253.104
   0.02210    18.000   254.504   254.032
   0.02210    19.000   255.360   254.901
   0.02210    20.000   256.162   255.716
   0.02210    21.000   256.915   256.481
   0.02210    22.000   257.622   257.200
   0.02210    23.000   258.286   257.875
   0.02210    24.000   258.910   258.510
   0.02210    25.000   259.498   259.107
   0.02210    26.000   260.051   259.669
   0.02210    27.000   260.571   260.199
   0.02210    28.000   261.062   260.699
   0.02210    29.000   261.525   261.170
   0.02210    30.000   261.962   261.615
   0.02210    31.000   262.374   262.035
   0.02210    32.000   262.764   262.432
   0.02210    33.000   263.133   262.808
   0.02210    34.000   263.482   263.164
   0.02210    35.000   263.812   263.500
   0.02210    36.000   264.125   263.820
   0.02210    37.000   264.422   264.123
   0.02210    38.000   264.704   264.410
   0.02210    39.000   264.971   264.683
   0.02410     1.000   268.323   253.184
   0.02410     2.000   239.688   232.866
   0.02410     3.000   228.905   227.883
   0.02410     4.000   232.063   231.177
   0.02410     5.000   234.863   234.054
   0.02410     6.000   237.336   236.583
   0.02410     7.000   239.558   238.848
   0.02410     8.000   241.553   240.881
   0.02410     9.000   243.366   242.726
   0.02410    10.000   245.018   244.407
   0.02410    11.000   246.535   245.949
   0.02410    12.000   247.937   247.373
   0.02410    13.000   249.232   248.689
   0.02410    14.000   250.435   249.911
   0.02410    15.000   251.555   251.049
   0.02410    16.000   252.601   252.112
   0.02410    17.000   253.578   253.104
   0.02410    18.000   254.492   254.032
   0.02410    19.000   255.348   254.901
   0.02410    20.000   256.151   255.717
   0.02410    21.000   256.905   256.483
   0.02410    22.000   257.612   257.202
   0.02410    23.000   258.277   257.877
   0.02410    24.000   258.902   258.512
   0.02410    25.000   259.490   259.110
   0.02410    26.000   260.044   259.672
   0.02410    27.000   260.565   260.203
   0.02410    28.000   261.056   260.702
   0.02410    29.000   261.519   261.174
   0.02410    30.000   261.957   261.619
   0.02410    31.000   262.369   262.039
   0.02410    32.000   262.759   262.436
   0.02410    33.000   263.128   262.812
   0.02410    34.000   263.477   263.168
   0.02410    35.000   263.808   263.505
   0.02410    36.000   264.121   263.824
   0.02410    37.000   264.418   264.127
   0.02410    38.000   264.700   264.415
   0.02410    39.000   264.968   264.688
   0.02610     1.000   268.278   253.148
   0.02610     2.000   239.134   232.508
   0.02610     3.000   228.841   227.848
   0.02610     4.000   232.017   231.154
   0.02610     5.000   234.815   234.027
   0.02610     6.000   237.303   236.568
   0.02610     7.000   239.528   238.837
   0.02610     8.000   241.526   240.871
   0.02610     9.000   243.343   242.719
   0.02610    10.000   244.997   244.400
   0.02610    11.000   246.516   245.944
   0.02610    12.000   247.919   247.369
   0.02610    13.000   249.216   248.686
   0.02610    14.000   250.420   249.909
   0.02610    15.000   251.541   251.047
   0.02610    16.000   252.588   252.111
   0.02610    17.000   253.566   253.103
   0.02610    18.000   254.481   254.032
   0.02610    19.000   255.338   254.902
   0.02610    20.000   256.141   255.718
   0.02610    21.000   256.896   256.484
   0.02610    22.000   257.604   257.203
   0.02610    23.000   258.269   257.879
   0.02610    24.000   258.895   258.514
   0.02610    25.000   259.483   259.112
   0.02610    26.000   260.037   259.675
   0.02610    27.000   260.559   260.206
   0.02610    28.000   261.050   260.705
   0.02610    29.000   261.514   261.177
   0.02610    30.000   261.952   261.622
   0.02610    31.000   262.365   262.042
   0.02610    32.000   262.755   262.440
   0.02610    33.000   263.124   262.816
   0.02610    34.000   263.474   263.171
   0.02610    35.000   263.804   263.508
   0.02610    36.000   264.118   263.828
   0.02610    37.000   264.415   264.131
   0.02610    38.000   264.697   264.419
   0.02610    39.000   264.965   264.692
   0.02810     1.000   268.233   253.113
   0.02810     2.000   238.561   232.140
   0.02810     3.000   228.783   227.817
   0.02810     4.000   231.975   231.133
   0.02810     5.000   234.780   234.011
   0.02810     6.000   237.273   236.555
   0.02810     7.000   239.502   238.826
   0.02810     8.000   241.503   240.862
   0.02810     9.000   243.321   242.711
   0.02810    10.000   244.977   244.395
   0.02810    11.000   246.498   245.939
   0.02810    12.000   247.903   247.366
   0.02810    13.000   249.200   248.683
   0.02810    14.000   250.406   249.907
   0.02810    15.000   251.530   251.047
   0.02810    16.000   252.577   252.110
   0.02810    17.000   253.555   253.103
   0.02810    18.000   254.471   254.032
   0.02810    19.000   255.328   254.903
   0.02810    20.000   256.133   255.719
   0.02810    21.000   256.888   256.485
   0.02810    22.000   257.596   257.205
   0.02810    23.000   258.262   257.881
   0.02810    24.000   258.888   258.516
   0.02810    25.000   259.477   259.115
   0.02810    26.000   260.031   259.678
   0.02810    27.000   260.553   260.208
   0.02810    28.000   261.045   260.708
   0.02810    29.000   261.509   261.180
   0.02810    30.000   261.947   261.625
   0.02810    31.000   262.360   262.046
   0.02810    32.000   262.751   262.443
   0.02810    33.000   263.120   262.819
   0.02810    34.000   263.470   263.175
   0.02810    35.000   263.801   263.512
   0.02810    36.000   264.115   263.832
   0.02810    37.000   264.412   264.135
   0.02810    38.000   264.694   264.422
   0.02810    39.000   264.962   264.696
   0.03010     1.000   268.190   253.078
   0.03010     2.000   237.956   231.753
   0.03010     3.000   228.730   227.788
   0.03010     4.000   231.936   231.114
   0.03010     5.000   234.748   233.996
   0.03010     6.000   237.245   236.543
   0.03010     7.000   239.477   238.816
   0.03010     8.000   241.480   240.854
   0.03010     9.000   243.301   242.705
   0.03010    10.000   244.959   244.389
   0.03010    11.000   246.481   245.935
   0.03010    12.000   247.888   247.362
   0.03010    13.000   249.187   248.681
   0.03010    14.000   250.393   249.905
   0.03010    15.000   251.518   251.046
   0.03010    16.000   252.566   252.109
   0.03010    17.000   253.545   253.103
   0.03010    18.000   254.461   254.032
   0.03010    19.000   255.319   254.903
   0.03010    20.000   256.125   255.720
   0.03010    21.000   256.880   256.487
   0.03010    22.000   257.589   257.206
   0.03010    23.000   258.255   257.882
   0.03010    24.000   258.882   258.518
   0.03010    25.000   259.471   259.117
   0.03010    26.000   260.026   259.680
   0.03010    27.000   260.548   260.211
   0.03010    28.000   261.040   260.711
   0.03010    29.000   261.505   261.183
   0.03010    30.000   261.943   261.628
   0.03010    31.000   262.356   262.049
   0.03010    32.000   262.747   262.446
   0.03010    33.000   263.117   262.822
   0.03010    34.000   263.467   263.178
   0.03010    35.000   263.798   263.515
   0.03010    36.000   264.112   263.835
   0.03010    37.000   264.409   264.138
   0.03010    38.000   264.692   264.426
   0.03010    39.000   264.960   264.699
   0.03210     1.000   268.146   253.043
   0.03210     2.000   237.294   231.333
   0.03210     3.000   228.681   227.762
   0.03210     4.000   231.901   231.096
   0.03210     5.000   234.718   233.982
   0.03210     6.000   237.219   236.532
   0.03210     7.000   239.454   238.807
   0.03210     8.000   241.460   240.847
   0.03210     9.000   243.283   242.699
   0.03210    10.000   244.943   244.384
   0.03210    11.000   246.469   245.934
   0.03210    12.000   247.874   247.359
   0.03210    13.000   249.174   248.678
   0.03210    14.000   250.381   249.903
   0.03210    15.000   251.507   251.045
   0.03210    16.000   252.555   252.108
   0.03210    17.000   253.535   253.102
   0.03210    18.000   254.452   254.032
   0.03210    19.000   255.311   254.904
   0.03210    20.000   256.117   255.721
   0.03210    21.000   256.873   256.488
   0.03210    22.000   257.583   257.208
   0.03210    23.000   258.249   257.884
   0.03210    24.000   258.876   258.520
   0.03210    25.000   259.466   259.119
   0.03210    26.000   260.021   259.682
   0.03210    27.000   260.544   260.213
   0.03210    28.000   261.036   260.713
   0.03210    29.000   261.501   261.185
   0.03210    30.000   261.939   261.631
   0.03210    31.000   262.353   262.051
   0.03210    32.000   262.744   262.449
   0.03210    33.000   263.114   262.825
   0.03210    34.000   263.464   263.181
   0.03210    35.000   263.795   263.518
   0.03210    36.000   264.109   263.838
   0.03210    37.000   264.407   264.141
   0.03210    38.000   264.689   264.429
   0.03210    39.000   264.958   264.702
   0.03410     1.000   268.104   253.009
   0.03410     2.000   236.533   230.853
   0.03410     3.000   228.636   227.738
   0.03410     4.000   231.867   231.080
   0.03410     5.000   234.690   233.969
   0.03410     6.000   237.201   236.527
   0.03410     7.000   239.433   238.799
   0.03410     8.000   241.445   240.844
   0.03410     9.000   243.266   242.693
   0.03410    10.000   244.927   244.380
   0.03410    11.000   246.455   245.930
   0.03410    12.000   247.860   247.356
   0.03410    13.000   249.162   248.676
   0.03410    14.000   250.370   249.901
   0.03410    15.000   251.497   251.044
   0.03410    16.000   252.546   252.108
   0.03410    17.000   253.527   253.102
   0.03410    18.000   254.444   254.032
   0.03410    19.000   255.304   254.905
   0.03410    20.000   256.110   255.722
   0.03410    21.000   256.866   256.489
   0.03410    22.000   257.576   257.209
   0.03410    23.000   258.244   257.886
   0.03410    24.000   258.871   258.522
   0.03410    25.000   259.461   259.121
   0.03410    26.000   260.016   259.684
   0.03410    27.000   260.539   260.215
   0.03410    28.000   261.032   260.716
   0.03410    29.000   261.497   261.188
   0.03410    30.000   261.935   261.633
   0.03410    31.000   262.349   262.054
   0.03410    32.000   262.741   262.452
   0.03410    33.000   263.111   262.828
   0.03410    34.000   263.461   263.184
   0.03410    35.000   263.792   263.521
   0.03410    36.000   264.107   263.841
   0.03410    37.000   264.404   264.144
   0.03410    38.000   264.687   264.432
   0.03410    39.000   264.956   264.705
   0.03610     1.000   268.061   252.976
   0.03610     2.000   235.583   230.262
   0.03610     3.000   228.594   227.715
   0.03610     4.000   231.836   231.064
   0.03610     5.000   234.664   233.957
   0.03610     6.000   237.178   236.518
   0.03610     7.000   239.413   238.791
   0.03610     8.000   241.428   240.838
   0.03610     9.000   243.250   242.688
   0.03610    10.000   244.912   244.375
   0.03610    11.000   246.442   245.927
   0.03610    12.000   247.848   247.353
   0.03610    13.000   249.150   248.674
   0.03610    14.000   250.360   249.900
   0.03610    15.000   251.487   251.043
   0.03610    16.000   252.537   252.107
   0.03610    17.000   253.518   253.102
   0.03610    18.000   254.437   254.032
   0.03610    19.000   255.297   254.905
   0.03610    20.000   256.104   255.723
   0.03610    21.000   256.860   256.490
   0.03610    22.000   257.571   257.210
   0.03610    23.000   258.238   257.887
   0.03610    24.000   258.866   258.523
   0.03610    25.000   259.456   259.122
   0.03610    26.000   260.012   259.686
   0.03610    27.000   260.535   260.217
   0.03610    28.000   261.028   260.718
   0.03610    29.000   261.493   261.190
   0.03610    30.000   261.932   261.635
   0.03610    31.000   262.346   262.056
   0.03610    32.000   262.738   262.454
   0.03610    33.000   263.108   262.830
   0.03610    34.000   263.458   263.186
   0.03610    35.000   263.790   263.524
   0.03610    36.000   264.104   263.843
   0.03610    37.000   264.402   264.147
   0.03610    38.000   264.685   264.434
   0.03610    39.000   264.954   264.708
