     0.100   251.397   239.670   0.00000
     0.300   251.677   239.887   0.00000
     0.500   251.874   240.039   0.00000
     0.700   252.038   240.166   0.00000
     0.900   252.182   240.279   0.00000
     1.100   252.314   240.381   0.00000
     1.300   252.583   240.590   0.00000
     1.500   252.689   240.673   0.00000
     1.700   252.791   240.752   0.00000
     1.900   252.888   240.828   0.00000
     2.100   252.982   240.901   0.00000
     2.300   253.073   240.972   0.00000
     2.500   253.162   241.041   0.00000
     2.700   253.249   241.108   0.00000
     2.900   253.333   241.174   0.00000
     3.100   253.416   241.239   0.00000
     3.300   253.497   241.302   0.00000
     3.500   253.577   241.364   0.00000
     3.700   253.655   241.426   0.00000
     3.900   253.732   241.486   0.00000
     4.100   253.809   241.545   0.00000
     4.300   253.884   241.604   0.00000
     4.500   253.958   241.662   0.00000
     4.700   227.546   226.441  26.31439
     4.900   227.939   226.867  26.76231
     5.100   228.333   227.289  27.13334
     5.300   228.726   227.707  27.44278
     5.500   229.116   228.119  27.70209
     5.700   229.502   228.526  27.92007
     5.900   229.885   228.927  28.10356
     6.100   230.263   229.323  28.25803
     6.300   230.636   229.713  28.38783
     6.500   231.005   230.097  28.49653
     6.700   231.368   230.475  28.58704
     6.900   231.727   230.847  28.66178
     7.100   232.081   231.214  28.72275
     7.300   232.430   231.576  28.77167
     7.500   232.774   231.932  28.80989
     7.700   233.113   232.283  28.83878
     7.900   233.448   232.629  28.85932
     8.100   233.778   232.969  28.87239
     8.300   234.103   233.305  28.87879
     8.500   234.424   233.636  28.87917
     8.700   234.740   233.962  28.87415
     8.900   235.052   234.283  28.86423
     9.100   235.360   234.600  28.84986
     9.300   235.663   234.913  28.83145
     9.500   235.963   235.221  28.80935
     9.700   236.259   235.525  28.78390
     9.900   236.550   235.825  28.75533
    10.100   236.838   236.121  28.72392
    10.300   237.122   236.413  28.68989
    10.500   237.403   236.702  28.65344
    10.700   237.680   236.986  28.61476
    10.900   237.953   237.267  28.57400
    11.100   238.223   237.544  28.53132
    11.300   238.490   237.818  28.48685
    11.500   238.753   238.089  28.44071
    11.700   239.013   238.356  28.39301
    11.900   239.270   238.620  28.34385
    12.100   239.524   238.880  28.29333
    12.300   239.775   239.138  28.24154
    12.500   240.027   239.395  28.18240
    12.700   240.272   239.647  28.12821
    12.900   240.514   239.895  28.07295
    13.100   240.754   240.141  28.01667
    13.300   240.990   240.384  27.95943
    13.500   241.225   240.624  27.90129
    13.700   241.456   240.861  27.84229
    13.900   241.685   241.096  27.78248
    14.100   241.912   241.328  27.72190
    14.300   242.136   241.558  27.66059
    14.500   242.357   241.785  27.59859
    14.700   242.577   242.010  27.53593
    14.900   242.793   242.232  27.47265
    15.100   243.008   242.452  27.40878
    15.300   243.220   242.669  27.34435
    15.500   243.385   242.840  27.36484
    15.700   243.592   243.053  27.30090
