     0.100   242.029   232.407   1.05293
     0.300   241.868   232.354   1.18516
     0.500   240.437   231.370   1.44237
     0.700   239.195   230.553   1.69202
     0.900   238.094   229.862   1.94124
     1.100   237.096   229.265   2.19713
     1.300   236.175   228.741   2.46600
     1.500   235.311   228.275   2.75471
     1.700   234.491   227.855   3.07075
     1.900   233.904   227.620   3.38399
     2.100   233.128   227.262   3.78262
     2.300   232.358   226.924   4.25081
     2.500   231.578   226.595   4.82075
     2.700   230.758   226.258   5.55156
     2.900   229.846   225.884   6.57131
     3.100   228.706   225.396   8.25464
     3.300   227.038   224.632  12.12451
     3.500   226.108   224.322  16.93624
     3.700   226.147   224.569  19.17542
     3.900   226.355   224.909  20.81222
     4.100   226.642   225.290  22.08020
     4.300   226.971   225.691  23.09735
     4.500   227.323   226.101  23.93160
     4.700   227.690   226.516  24.62621
     4.900   228.064   226.931  25.21078
     5.100   228.442   227.344  25.70666
     5.300   228.821   227.754  26.12981
     5.500   229.199   228.160  26.49249
     5.700   229.576   228.562  26.80437
     5.900   229.950   228.959  27.07317
     6.100   230.321   229.350  27.30514
     6.300   230.688   229.737  27.50543
     6.500   231.051   230.118  27.67828
     6.700   231.410   230.494  27.82724
     6.900   231.765   230.864  27.95530
     7.100   232.115   231.230  28.06500
     7.300   232.461   231.589  28.15848
     7.500   232.802   231.944  28.23759
     7.700   233.139   232.294  28.30393
     7.900   233.471   232.638  28.35886
     8.100   233.799   232.978  28.40358
     8.300   234.122   233.313  28.43912
     8.500   234.441   233.643  28.46640
     8.700   234.756   233.968  28.48627
     8.900   235.067   234.289  28.49931
     9.100   235.374   234.605  28.50621
     9.300   235.676   234.917  28.50752
     9.500   235.975   235.225  28.50374
     9.700   236.269   235.529  28.49529
     9.900   236.560   235.829  28.48256
    10.100   236.847   236.124  28.46590
    10.300   237.131   236.416  28.44564
    10.500   237.411   236.704  28.42204
    10.700   237.687   236.988  28.39536
    10.900   237.960   237.269  28.36583
    11.100   238.229   237.546  28.33367
    11.300   238.496   237.820  28.29905
    11.500   238.759   238.090  28.26216
    11.700   239.019   238.357  28.22314
    11.900   239.275   238.621  28.18214
    12.100   239.529   238.881  28.13930
    12.300   239.780   239.139  28.09472
    12.500   240.030   239.396  28.04239
    12.700   240.275   239.648  27.99462
    12.900   240.517   239.896  27.94541
    13.100   240.757   240.142  27.89484
    13.300   240.993   240.384  27.84300
    13.500   241.227   240.625  27.78996
    13.700   241.459   240.862  27.73579
    13.900   241.688   241.097  27.68055
    14.100   241.914   241.329  27.62430
    14.300   242.138   241.558  27.56710
    14.500   242.359   241.785  27.50900
    14.700   242.578   242.010  27.45004
    14.900   242.795   242.232  27.39027
    15.100   243.010   242.452  27.32973
    15.300   243.222   242.670  27.26847
    15.500   243.386   242.840  27.29194
    15.700   243.593   243.053  27.23087
