     0.100   249.495   238.161   0.19785
     0.300   249.790   238.405   0.19510
     0.500   249.997   238.581   0.19317
     0.700   250.169   238.730   0.19157
     0.900   250.322   238.864   0.19016
     1.100   250.462   238.988   0.18887
     1.300   250.244   238.852   0.23979
     1.500   249.565   238.379   0.32494
     1.700   248.722   237.801   0.43171
     1.900   247.691   237.106   0.56632
     2.100   246.441   236.277   0.73880
     2.300   244.917   235.283   0.96677
     2.500   243.031   234.074   1.28446
     2.700   240.570   232.527   1.77883
     2.900   236.875   230.250   2.78211
     3.100   225.941   223.795  14.10975
     3.300   225.271   223.625  18.87703
     3.500   225.418   223.937  20.91558
     3.700   225.688   224.316  22.41529
     3.900   226.018   224.726  23.56837
     4.100   226.380   225.149  24.48066
     4.300   226.760   225.579  25.21701
     4.500   227.150   226.011  25.82014
     4.700   227.545   226.441  26.31961
     4.900   227.941   226.868  26.73673
     5.100   228.337   227.291  27.08730
     5.300   228.730   227.709  27.38332
     5.500   229.120   228.121  27.63409
     5.700   229.507   228.528  27.84695
     5.900   229.889   228.930  28.02775
     6.100   230.267   229.325  28.18123
     6.300   230.641   229.715  28.31199
     6.500   231.009   230.099  28.42158
     6.700   231.372   230.477  28.51362
     6.900   231.731   230.849  28.59031
     7.100   232.085   231.216  28.65353
     7.300   232.433   231.577  28.70485
     7.500   232.777   231.933  28.74564
     7.700   233.116   232.284  28.77706
     7.900   233.451   232.630  28.80012
     8.100   233.780   232.970  28.81568
     8.300   234.105   233.306  28.82451
     8.500   234.426   233.636  28.82726
     8.700   234.742   233.962  28.82452
     8.900   235.054   234.284  28.81679
     9.100   235.362   234.601  28.80454
     9.300   235.665   234.913  28.78813
     9.500   235.965   235.222  28.76797
     9.700   236.260   235.526  28.74434
     9.900   236.552   235.826  28.71753
    10.100   236.839   236.122  28.68780
    10.300   237.123   236.414  28.65536
    10.500   237.404   236.702  28.62044
    10.700   237.681   236.986  28.58319
    10.900   237.954   237.267  28.54380
    11.100   238.224   237.545  28.50242
    11.300   238.491   237.818  28.45918
    11.500   238.754   238.089  28.41421
    11.700   239.014   238.356  28.36763
    11.900   239.271   238.620  28.31954
    12.100   239.525   238.880  28.27003
    12.300   239.776   239.138  28.21919
    12.500   240.027   239.395  28.16096
    12.700   240.272   239.647  28.10764
    12.900   240.515   239.895  28.05321
    13.100   240.754   240.141  27.99771
    13.300   240.991   240.384  27.94122
    13.500   241.225   240.624  27.88380
    13.700   241.457   240.861  27.82548
    13.900   241.686   241.096  27.76631
    14.100   241.912   241.328  27.70635
    14.300   242.136   241.558  27.64563
    14.500   242.358   241.785  27.58420
    14.700   242.577   242.010  27.52208
    14.900   242.794   242.232  27.45932
    15.100   243.008   242.452  27.39593
    15.300   243.221   242.669  27.33197
    15.500   243.385   242.840  27.35290
    15.700   243.592   243.053  27.28939
