     1.000   248.949   238.137
     1.200   247.536   237.166
     1.400   246.227   236.292
     1.600   245.143   235.606
     1.800   243.972   234.869
     2.000   242.850   234.184
     2.200   241.763   233.541
     2.400   240.700   232.933
     2.600   239.649   232.349
     2.800   238.593   231.781
     3.000   237.512   231.215
     3.200   236.372   230.631
     3.400   235.106   229.990
     3.600   233.567   229.208
     3.800   231.485   228.139
     4.000   229.974   227.448
     4.200   229.791   227.541
     4.400   229.839   227.766
     4.600   230.000   228.055
     4.800   230.225   228.378
     5.000   230.489   228.719
     5.200   230.778   229.072
     5.400   231.082   229.431
     5.600   231.397   229.792
     5.800   231.718   230.155
     6.000   232.044   230.516
     6.200   232.371   230.875
     6.400   232.699   231.232
     6.600   233.026   231.586
     6.800   233.352   231.936
     7.000   233.676   232.283
     7.200   233.999   232.626
     7.400   234.318   232.964
     7.600   234.635   233.299
     7.800   234.948   233.630
     8.000   235.259   233.956
     8.200   235.566   234.278
     8.400   235.870   234.596
     8.600   236.170   234.910
     8.800   236.467   235.220
     9.000   236.761   235.526
     9.200   237.051   235.828
     9.400   237.338   236.126
     9.600   237.621   236.421
     9.800   237.901   236.712
    10.000   238.178   236.999
    10.200   238.452   237.282
    10.400   238.722   237.562
    10.600   238.989   237.838
    10.800   239.253   238.111
    11.000   239.514   238.381
    11.200   239.772   238.647
    11.400   240.027   238.910
    11.600   240.278   239.170
    11.800   240.528   239.427
    12.000   240.774   239.681
    12.200   241.017   239.932
    12.400   241.258   240.180
    12.600   241.499   240.428
    12.800   241.734   240.670
    13.000   241.967   240.910
    13.200   242.197   241.146
    13.400   242.425   241.381
    13.600   242.650   241.612
    13.800   242.873   241.841
    14.000   243.093   242.068
    14.200   243.311   242.292
    14.400   243.527   242.514
    14.600   243.741   242.733
    14.800   243.952   242.950
    15.000   244.161   243.165
    15.200   244.368   243.378
    15.400   244.573   243.588
    15.600   244.732   243.754
    15.800   244.932   243.959
    16.000   245.130   244.162
    16.200   245.372   244.408
    16.400   245.567   244.608
    16.600   245.760   244.806
