     1.000   267.624   252.601
     1.200   267.657   252.636
     1.400   267.041   252.154
     1.600   265.920   251.278
     1.800   264.635   250.285
     2.000   263.172   249.168
     2.200   261.511   247.916
     2.400   259.623   246.514
     2.600   257.460   244.934
     2.800   254.940   243.129
     3.000   251.937   241.027
     3.200   248.097   238.410
     3.400   242.054   234.438
     3.600   229.666   226.880
     3.800   228.884   226.621
     4.000   228.895   226.831
     4.200   229.050   227.122
     4.400   229.283   227.456
     4.600   229.561   227.812
     4.800   229.866   228.181
     5.000   230.189   228.557
     5.200   230.522   228.935
     5.400   230.862   229.314
     5.600   231.206   229.691
     5.800   231.551   230.067
     6.000   231.895   230.439
     6.200   232.239   230.808
     6.400   232.581   231.172
     6.600   232.920   231.533
     6.800   233.257   231.889
     7.000   233.590   232.240
     7.200   233.920   232.587
     7.400   234.247   232.930
     7.600   234.570   233.268
     7.800   234.889   233.601
     8.000   235.204   233.930
     8.200   235.516   234.254
     8.400   235.823   234.575
     8.600   236.127   234.890
     8.800   236.427   235.202
     9.000   236.724   235.509
     9.200   237.017   235.813
     9.400   237.306   236.112
     9.600   237.592   236.408
     9.800   237.874   236.699
    10.000   238.152   236.987
    10.200   238.427   237.272
    10.400   238.699   237.552
    10.600   238.968   237.829
    10.800   239.233   238.103
    11.000   239.495   238.373
    11.200   239.754   238.640
    11.400   240.010   238.903
    11.600   240.263   239.164
    11.800   240.513   239.421
    12.000   240.760   239.675
    12.200   241.004   239.927
    12.400   241.245   240.175
    12.600   241.487   240.423
    12.800   241.723   240.666
    13.000   241.957   240.906
    13.200   242.187   241.143
    13.400   242.415   241.377
    13.600   242.641   241.609
    13.800   242.864   241.838
    14.000   243.085   242.065
    14.200   243.304   242.290
    14.400   243.520   242.511
    14.600   243.734   242.731
    14.800   243.945   242.948
    15.000   244.155   243.163
    15.200   244.362   243.376
    15.400   244.567   243.586
    15.600   244.727   243.752
    15.800   244.927   243.957
    16.000   245.125   244.160
    16.200   245.367   244.406
    16.400   245.562   244.606
    16.600   245.756   244.805
