     0.100   251.396   239.669   0.00009
     0.300   251.676   239.886   0.00009
     0.500   251.873   240.039   0.00009
     0.700   252.037   240.166   0.00009
     0.900   252.181   240.278   0.00009
     1.100   252.313   240.380   0.00009
     1.300   252.582   240.589   0.00009
     1.500   252.688   240.672   0.00008
     1.700   252.790   240.751   0.00008
     1.900   251.749   240.009   0.11340
     2.100   235.909   229.088   2.81001
     2.300   232.327   226.903   4.26610
     2.500   230.771   226.089   5.31680
     2.700   229.412   225.433   6.64085
     2.900   227.570   224.521   9.34129
     3.100   225.855   223.733  14.31389
     3.300   225.385   223.690  18.25103
     3.500   225.484   223.974  20.46270
     3.700   225.731   224.340  22.06479
     3.900   226.045   224.740  23.32142
     4.100   226.398   225.159  24.30644
     4.300   226.772   225.585  25.09490
     4.500   227.158   226.015  25.73590
     4.700   227.549   226.443  26.26947
     4.900   227.944   226.869  26.70526
     5.100   228.338   227.291  27.06987
     5.300   228.731   227.709  27.37644
     5.500   229.120   228.121  27.63512
     5.700   229.507   228.528  27.85388
     5.900   229.889   228.929  28.03904
     6.100   230.267   229.325  28.19571
     6.300   230.640   229.714  28.32801
     6.500   231.008   230.098  28.43936
     6.700   231.371   230.476  28.53256
     6.900   231.730   230.849  28.60998
     7.100   232.084   231.216  28.67357
     7.300   232.432   231.577  28.72502
     7.500   232.776   231.933  28.76573
     7.700   233.115   232.284  28.79692
     7.900   233.450   232.629  28.81959
     8.100   233.779   232.970  28.83475
     8.300   234.104   233.305  28.84310
     8.500   234.425   233.636  28.84534
     8.700   234.741   233.962  28.84206
     8.900   235.053   234.284  28.83377
     9.100   235.361   234.601  28.82095
     9.300   235.664   234.913  28.80399
     9.500   235.964   235.221  28.78326
     9.700   236.259   235.526  28.75908
     9.900   236.551   235.826  28.73174
    10.100   236.839   236.121  28.70147
    10.300   237.123   236.414  28.66851
    10.500   237.403   236.702  28.63307
    10.700   237.680   236.986  28.59534
    10.900   237.954   237.267  28.55549
    11.100   238.224   237.545  28.51365
    11.300   238.490   237.818  28.46998
    11.500   238.754   238.089  28.42460
    11.700   239.014   238.356  28.37761
    11.900   239.271   238.620  28.32914
    12.100   239.525   238.880  28.27926
    12.300   239.776   239.138  28.22807
    12.500   240.027   239.395  28.16950
    12.700   240.272   239.647  28.11586
    12.900   240.514   239.895  28.06111
    13.100   240.754   240.141  28.00532
    13.300   240.991   240.384  27.94855
    13.500   241.225   240.624  27.89085
    13.700   241.456   240.861  27.83227
    13.900   241.685   241.096  27.77285
    14.100   241.912   241.328  27.71265
    14.300   242.136   241.558  27.65171
    14.500   242.357   241.785  27.59005
    14.700   242.577   242.010  27.52772
    14.900   242.794   242.232  27.46476
    15.100   243.008   242.452  27.40118
    15.300   243.221   242.669  27.33703
    15.500   243.385   242.840  27.35779
    15.700   243.592   243.053  27.29411
