     1.000   246.874   237.748
     1.200   245.840   237.118
     1.400   244.873   236.551
     1.600   244.111   236.146
     1.800   243.229   235.668
     2.000   242.375   235.224
     2.200   241.538   234.805
     2.400   240.706   234.405
     2.600   239.864   234.015
     2.800   238.992   233.622
     3.000   238.054   233.207
     3.200   236.975   232.728
     3.400   235.563   232.082
     3.600   233.535   231.129
     3.800   233.203   231.141
     4.000   233.192   231.331
     4.200   233.323   231.597
     4.400   233.526   231.900
     4.600   233.772   232.223
     4.800   234.043   232.557
     5.000   234.330   232.897
     5.200   234.628   233.239
     5.400   234.932   233.582
     5.600   235.239   233.923
     5.800   235.548   234.263
     6.000   235.857   234.599
     6.200   236.166   234.933
     6.400   236.473   235.263
     6.600   236.778   235.590
     6.800   237.081   235.912
     7.000   237.381   236.231
     7.200   237.679   236.545
     7.400   237.973   236.856
     7.600   238.265   237.162
     7.800   238.553   237.465
     8.000   238.838   237.763
     8.200   239.119   238.058
     8.400   239.397   238.349
     8.600   239.672   238.636
     8.800   239.944   238.919
     9.000   240.212   239.198
     9.200   240.477   239.474
     9.400   240.739   239.746
     9.600   240.998   240.015
     9.800   241.253   240.280
    10.000   241.506   240.542
    10.200   241.755   240.800
    10.400   242.002   241.056
    10.600   242.245   241.308
    10.800   242.486   241.557
    11.000   242.724   241.803
    11.200   242.959   242.046
    11.400   243.191   242.286
    11.600   243.420   242.523
    11.800   243.647   242.757
    12.000   243.872   242.989
    12.200   244.093   243.218
    12.400   244.312   243.444
    12.600   244.529   243.667
    12.800   244.746   243.891
    13.000   244.958   244.110
    13.200   245.168   244.326
    13.400   245.375   244.539
    13.600   245.580   244.751
    13.800   245.783   244.960
    14.000   245.983   245.166
    14.200   246.182   245.371
    14.400   246.378   245.573
    14.600   246.572   245.773
    14.800   246.765   245.971
    15.000   246.955   246.167
    15.200   247.143   246.360
    15.400   247.330   246.552
    15.600   247.514   246.742
    15.800   247.659   246.893
    16.000   247.839   247.078
    16.200   248.056   247.300
    16.400   248.234   247.482
    16.600   248.410   247.663
